0 0.7427884615384616 0.20432692307692307 0.07211538461538461 0.0985576923076923
0 0.8473557692307693 0.47115384615384615 0.06971153846153846 0.08173076923076923
0 0.8858173076923077 0.4987980769230769 0.06971153846153846 0.08173076923076923
0 0.9122596153846154 0.6730769230769231 0.06971153846153846 0.08173076923076923
0 0.8449519230769231 0.6622596153846154 0.07932692307692307 0.0985576923076923
0 0.8233173076923077 0.75 0.07932692307692307 0.0985576923076923
0 0.78125 0.7367788461538461 0.06490384615384616 0.0889423076923077
0 0.7560096153846154 0.7415865384615384 0.06490384615384616 0.0889423076923077
0 0.5649038461538461 0.7331730769230769 0.07932692307692307 0.11057692307692307
0 0.5228365384615384 0.49038461538461536 0.0625 0.0889423076923077
0 0.5204326923076923 0.24759615384615385 0.07451923076923077 0.09134615384615384
0 0.3016826923076923 0.6478365384615384 0.06009615384615385 0.07451923076923077
0 0.375 0.6346153846153846 0.04807692307692308 0.07211538461538461
0 0.025240384615384616 0.17427884615384615 0.05048076923076923 0.12259615384615384
0 0.7800480769230769 0.671875 0.06971153846153846 0.09134615384615384
0 0.796875 0.8221153846153846 0.06490384615384616 0.0985576923076923