0 0.08173076923076923 0.39903846153846156 0.06971153846153846 0.06971153846153846
0 0.026442307692307692 0.48677884615384615 0.052884615384615384 0.07451923076923077
0 0.042067307692307696 0.515625 0.052884615384615384 0.06009615384615385
0 0.5432692307692307 0.25841346153846156 0.06490384615384616 0.07451923076923077
0 0.6658653846153846 0.3942307692307692 0.07692307692307693 0.07692307692307693
0 0.6346153846153846 0.39302884615384615 0.0673076923076923 0.06009615384615385
0 0.6021634615384616 0.4855769230769231 0.06971153846153846 0.07932692307692307
0 0.6153846153846154 0.5192307692307693 0.06971153846153846 0.07932692307692307
0 0.6610576923076923 0.47836538461538464 0.06971153846153846 0.07932692307692307
0 0.7560096153846154 0.37259615384615385 0.06490384615384616 0.07211538461538461
0 0.7163461538461539 0.036057692307692304 0.0673076923076923 0.06009615384615385
0 0.7163461538461539 0.0625 0.0673076923076923 0.06009615384615385
0 0.7740384615384616 0.04927884615384615 0.07932692307692307 0.0673076923076923