0 0.5649038461538461 0.37259615384615385 0.07451923076923077 0.06971153846153846
0 0.6045673076923077 0.359375 0.07451923076923077 0.06971153846153846
0 0.6358173076923077 0.4014423076923077 0.07451923076923077 0.06971153846153846
0 0.7620192307692307 0.2512019230769231 0.08653846153846154 0.08653846153846154
0 0.9146634615384616 0.2956730769230769 0.08653846153846154 0.08653846153846154
0 0.9302884615384616 0.13701923076923078 0.10576923076923077 0.10096153846153846
0 0.4699519230769231 0.25961538461538464 0.07932692307692307 0.07451923076923077
0 0.4963942307692308 0.23197115384615385 0.0625 0.06009615384615385
0 0.6105769230769231 0.6730769230769231 0.06971153846153846 0.0673076923076923
0 0.703125 0.6646634615384616 0.0625 0.06009615384615385
0 0.8401442307692307 0.7055288461538461 0.0625 0.06009615384615385
0 0.019230769230769232 0.46033653846153844 0.026442307692307692 0.07211538461538461