0 0.6430288461538461 0.7560096153846154 0.08413461538461539 0.10096153846153846
0 0.5709134615384616 0.6310096153846154 0.08413461538461539 0.10096153846153846
0 0.6911057692307693 0.44471153846153844 0.09134615384615384 0.11057692307692307
0 0.5 0.42427884615384615 0.07692307692307693 0.0889423076923077
0 0.4170673076923077 0.1310096153846154 0.08413461538461539 0.10096153846153846
0 0.5120192307692307 0.14783653846153846 0.09134615384615384 0.10817307692307693
0 0.4074519230769231 0.027644230769230768 0.07451923076923077 0.055288461538461536
0 0.9098557692307693 0.47836538461538464 0.0985576923076923 0.10336538461538461
0 0.9603365384615384 0.5685096153846154 0.057692307692307696 0.10096153846153846
0 0.9759615384615384 0.8209134615384616 0.04326923076923077 0.08413461538461539
0 0.0625 0.17307692307692307 0.0625 0.0673076923076923
0 0.13341346153846154 0.265625 0.052884615384615384 0.055288461538461536
0 0.18028846153846154 0.18629807692307693 0.06009615384615385 0.0673076923076923
0 0.3942307692307692 0.5 0.055288461538461536 0.057692307692307696
0 0.7692307692307693 0.9290865384615384 0.08653846153846154 0.10817307692307693
0 0.6766826923076923 0.8882211538461539 0.07692307692307693 0.08413461538461539