0 0.20793269230769232 0.8473557692307693 0.0673076923076923 0.0889423076923077
0 0.23317307692307693 0.8173076923076923 0.09134615384615384 0.07932692307692307
0 0.39302884615384615 0.5805288461538461 0.0625 0.07692307692307693
0 0.41586538461538464 0.28846153846153844 0.0625 0.07692307692307693
0 0.359375 0.18028846153846154 0.04326923076923077 0.057692307692307696
0 0.3485576923076923 0.15144230769230768 0.0673076923076923 0.07932692307692307
0 0.33774038461538464 0.19951923076923078 0.07211538461538461 0.09134615384615384
0 0.5552884615384616 0.3245192307692308 0.06009615384615385 0.07211538461538461
0 0.6454326923076923 0.5432692307692307 0.06490384615384616 0.07692307692307693
0 0.5817307692307693 0.4543269230769231 0.06009615384615385 0.07211538461538461
0 0.7319711538461539 0.7283653846153846 0.04567307692307692 0.057692307692307696
0 0.6009615384615384 0.6478365384615384 0.0673076923076923 0.07692307692307693
0 0.5925480769230769 0.7920673076923077 0.04567307692307692 0.055288461538461536
0 0.6358173076923077 0.9639423076923077 0.038461538461538464 0.04567307692307692