0 0.08533653846153846 0.9639423076923077 0.06490384615384616 0.0673076923076923
0 0.5685096153846154 0.41947115384615385 0.057692307692307696 0.08413461538461539
0 0.9314903846153846 0.2439903846153846 0.07451923076923077 0.0889423076923077
0 0.8737980769230769 0.3605769230769231 0.08653846153846154 0.0985576923076923
0 0.6670673076923077 0.3641826923076923 0.06971153846153846 0.07932692307692307
0 0.5108173076923077 0.29086538461538464 0.06971153846153846 0.07932692307692307
0 0.7379807692307693 0.4963942307692308 0.07451923076923077 0.0889423076923077
0 0.7860576923076923 0.4831730769230769 0.06971153846153846 0.07932692307692307
0 0.5841346153846154 0.6165865384615384 0.052884615384615384 0.057692307692307696
0 0.6057692307692307 0.6274038461538461 0.052884615384615384 0.057692307692307696
0 0.6201923076923077 0.6983173076923077 0.052884615384615384 0.057692307692307696
0 0.49759615384615385 0.5360576923076923 0.055288461538461536 0.06490384615384616
0 0.4723557692307692 0.6129807692307693 0.06009615384615385 0.06971153846153846
0 0.41466346153846156 0.47115384615384615 0.06009615384615385 0.06971153846153846