0 0.7055288461538461 0.4579326923076923 0.12259615384615384 0.1466346153846154
0 0.18629807692307693 0.35336538461538464 0.1346153846153846 0.16105769230769232
0 0.13701923076923078 0.171875 0.1346153846153846 0.17307692307692307
0 0.20673076923076922 0.21995192307692307 0.1466346153846154 0.17548076923076922
0 0.23798076923076922 0.2956730769230769 0.12980769230769232 0.1201923076923077
0 0.2920673076923077 0.22235576923076922 0.10576923076923077 0.1346153846153846
0 0.35336538461538464 0.24759615384615385 0.14423076923076922 0.19471153846153846
0 0.3713942307692308 0.3581730769230769 0.09375 0.11778846153846154
0 0.4879807692307692 0.53125 0.08173076923076923 0.10576923076923077
0 0.43149038461538464 0.3858173076923077 0.08173076923076923 0.0985576923076923
0 0.4483173076923077 0.4375 0.07451923076923077 0.07932692307692307