0 0.5985576923076923 0.23076923076923078 0.07451923076923077 0.10817307692307693
0 0.6610576923076923 0.30288461538461536 0.07932692307692307 0.10096153846153846
0 0.7800480769230769 0.2536057692307692 0.07211538461538461 0.0889423076923077
0 0.8353365384615384 0.22235576923076922 0.06009615384615385 0.08413461538461539
0 0.8581730769230769 0.2127403846153846 0.06490384615384616 0.09375
0 0.7271634615384616 0.13822115384615385 0.06490384615384616 0.09375
0 0.8173076923076923 0.025240384615384616 0.04807692307692308 0.05048076923076923
0 0.8461538461538461 0.018028846153846152 0.0625 0.036057692307692304
0 0.4266826923076923 0.5420673076923077 0.06009615384615385 0.09134615384615384
0 0.19591346153846154 0.6346153846153846 0.07932692307692307 0.12980769230769232
0 0.10096153846153846 0.7668269230769231 0.0985576923076923 0.1346153846153846
0 0.06370192307692307 0.5913461538461539 0.0673076923076923 0.09375
0 0.2920673076923077 0.8497596153846154 0.07692307692307693 0.09375