0 0.8040865384615384 0.13221153846153846 0.0673076923076923 0.057692307692307696
0 0.9627403846153846 0.3786057692307692 0.06971153846153846 0.0985576923076923
0 0.8894230769230769 0.4639423076923077 0.12980769230769232 0.12259615384615384
0 0.6923076923076923 0.2956730769230769 0.057692307692307696 0.057692307692307696
0 0.46634615384615385 0.4254807692307692 0.08413461538461539 0.07692307692307693
0 0.3545673076923077 0.4723557692307692 0.08413461538461539 0.07692307692307693
0 0.3425480769230769 0.40384615384615385 0.08413461538461539 0.07692307692307693
0 0.390625 0.19230769230769232 0.0889423076923077 0.08653846153846154
0 0.10576923076923077 0.3076923076923077 0.0985576923076923 0.10576923076923077
0 0.5973557692307693 0.03125 0.0625 0.06009615384615385
0 0.8016826923076923 0.5564903846153846 0.08173076923076923 0.09615384615384616
0 0.4723557692307692 0.8088942307692307 0.06490384615384616 0.07692307692307693
0 0.6466346153846154 0.7355769230769231 0.05048076923076923 0.06971153846153846
0 0.5132211538461539 0.7836538461538461 0.0985576923076923 0.10096153846153846