0 0.21875 0.8930288461538461 0.06490384615384616 0.09615384615384616
0 0.2439903846153846 0.8569711538461539 0.0889423076923077 0.0889423076923077
0 0.3954326923076923 0.5985576923076923 0.06009615384615385 0.08413461538461539
0 0.40865384615384615 0.30408653846153844 0.06009615384615385 0.08413461538461539
0 0.3473557692307692 0.20673076923076922 0.040865384615384616 0.0625
0 0.33653846153846156 0.18028846153846154 0.06490384615384616 0.09134615384615384
0 0.3269230769230769 0.22956730769230768 0.06971153846153846 0.0985576923076923
0 0.5492788461538461 0.3173076923076923 0.057692307692307696 0.07932692307692307
0 0.6478365384615384 0.5192307692307693 0.0625 0.0889423076923077
0 0.5805288461538461 0.4423076923076923 0.057692307692307696 0.07932692307692307
0 0.7403846153846154 0.6862980769230769 0.04326923076923077 0.06490384615384616
0 0.6069711538461539 0.6298076923076923 0.06490384615384616 0.08413461538461539
0 0.6021634615384616 0.7740384615384616 0.04567307692307692 0.06009615384615385
0 0.6514423076923077 0.9362980769230769 0.036057692307692304 0.04807692307692308