0 0.8233173076923077 0.5180288461538461 0.07692307692307693 0.09615384615384616
0 0.5 0.3954326923076923 0.07692307692307693 0.09615384615384616
0 0.4483173076923077 0.4543269230769231 0.07692307692307693 0.09615384615384616
0 0.43990384615384615 0.4651442307692308 0.07692307692307693 0.09615384615384616
0 0.3112980769230769 0.04326923076923077 0.11298076923076923 0.08653846153846154
0 0.18990384615384615 0.016826923076923076 0.11538461538461539 0.03365384615384615
0 0.09495192307692307 0.026442307692307692 0.11298076923076923 0.052884615384615384
0 0.15144230769230768 0.12740384615384615 0.11057692307692307 0.10817307692307693
0 0.3425480769230769 0.6899038461538461 0.10096153846153846 0.10817307692307693
0 0.40024038461538464 0.6514423076923077 0.10096153846153846 0.10817307692307693
0 0.12259615384615384 0.7175480769230769 0.10817307692307693 0.13942307692307693
0 0.1502403846153846 0.7908653846153846 0.12259615384615384 0.125
0 0.11057692307692307 0.17908653846153846 0.0985576923076923 0.10096153846153846