0 0.36899038461538464 0.6802884615384616 0.09615384615384616 0.0889423076923077
0 0.3173076923076923 0.5673076923076923 0.10096153846153846 0.08173076923076923
0 0.19471153846153846 0.5300480769230769 0.09375 0.07211538461538461
0 0.13822115384615385 0.5204326923076923 0.07692307692307693 0.06971153846153846
0 0.1141826923076923 0.5144230769230769 0.08413461538461539 0.07692307692307693
0 0.23197115384615385 0.6754807692307693 0.08413461538461539 0.07692307692307693
0 0.10697115384615384 0.7944711538461539 0.07451923076923077 0.07211538461538461
0 0.12860576923076922 0.7259615384615384 0.06009615384615385 0.055288461538461536
0 0.0985576923076923 0.7307692307692307 0.07451923076923077 0.07451923076923077
0 0.578125 0.5108173076923077 0.07451923076923077 0.07451923076923077
0 0.8161057692307693 0.5877403846153846 0.10096153846153846 0.10817307692307693
0 0.9242788461538461 0.5336538461538461 0.12980769230769232 0.11057692307692307
0 0.9387019230769231 0.7199519230769231 0.08653846153846154 0.07692307692307693
0 0.7475961538461539 0.32091346153846156 0.0985576923076923 0.07932692307692307