0 0.13822115384615385 0.7043269230769231 0.07692307692307693 0.08653846153846154
0 0.18028846153846154 0.7512019230769231 0.09375 0.10576923076923077
0 0.28966346153846156 0.8209134615384616 0.09375 0.10576923076923077
0 0.21514423076923078 0.640625 0.08653846153846154 0.09615384615384616
0 0.16826923076923078 0.53125 0.08653846153846154 0.09615384615384616
0 0.3629807692307692 0.8353365384615384 0.10096153846153846 0.10817307692307693
0 0.40625 0.8713942307692307 0.08173076923076923 0.08653846153846154
0 0.6706730769230769 0.8449519230769231 0.11778846153846154 0.10817307692307693
0 0.6189903846153846 0.2848557692307692 0.12980769230769232 0.14903846153846154
0 0.6911057692307693 0.26802884615384615 0.12980769230769232 0.14903846153846154
0 0.7043269230769231 0.19951923076923078 0.10576923076923077 0.1201923076923077
0 0.6466346153846154 0.14182692307692307 0.11778846153846154 0.14423076923076922
0 0.5216346153846154 0.10817307692307693 0.10336538461538461 0.125
0 0.47836538461538464 0.10576923076923077 0.10336538461538461 0.1346153846153846
0 0.4254807692307692 0.0889423076923077 0.10096153846153846 0.125
0 0.8834134615384616 0.3942307692307692 0.10096153846153846 0.125
0 0.4567307692307692 0.3858173076923077 0.09134615384615384 0.11298076923076923
0 0.15144230769230768 0.03485576923076923 0.09134615384615384 0.06971153846153846
0 0.16105769230769232 0.07211538461538461 0.07211538461538461 0.07692307692307693
0 0.3161057692307692 0.1971153846153846 0.07211538461538461 0.07692307692307693