0 0.15384615384615385 0.03125 0.07692307692307693 0.0625
0 0.2956730769230769 0.18509615384615385 0.07932692307692307 0.12980769230769232
0 0.18269230769230768 0.6490384615384616 0.07932692307692307 0.14182692307692307
0 0.5877403846153846 0.5576923076923077 0.07932692307692307 0.14182692307692307
0 0.6634615384615384 0.3954326923076923 0.06971153846153846 0.11538461538461539
0 0.9579326923076923 0.5492788461538461 0.06971153846153846 0.11538461538461539
0 0.6418269230769231 0.7427884615384616 0.0889423076923077 0.13942307692307693
0 0.5252403846153846 0.796875 0.07451923076923077 0.125
0 0.5240384615384616 0.8665865384615384 0.07932692307692307 0.12740384615384615
0 0.25961538461538464 0.7908653846153846 0.06971153846153846 0.125
0 0.1971153846153846 0.8401442307692307 0.07211538461538461 0.13701923076923078
0 0.1310096153846154 0.6887019230769231 0.0625 0.0889423076923077
0 0.042067307692307696 0.7139423076923077 0.04807692307692308 0.12980769230769232
0 0.042067307692307696 0.6490384615384616 0.055288461538461536 0.12980769230769232
0 0.028846153846153848 0.5324519230769231 0.04326923076923077 0.17067307692307693
0 0.36658653846153844 0.018028846153846152 0.07451923076923077 0.036057692307692304