0 0.1814903846153846 0.6442307692307693 0.0625 0.06490384615384616
0 0.3629807692307692 0.5985576923076923 0.06971153846153846 0.06971153846153846
0 0.39663461538461536 0.5432692307692307 0.06971153846153846 0.06971153846153846
0 0.42908653846153844 0.5612980769230769 0.0625 0.06490384615384616
0 0.18509615384615385 0.8317307692307693 0.07692307692307693 0.07932692307692307
0 0.12860576923076922 0.8786057692307693 0.07692307692307693 0.07932692307692307
0 0.453125 0.12980769230769232 0.08653846153846154 0.08413461538461539
0 0.7728365384615384 0.3918269230769231 0.07692307692307693 0.07692307692307693
0 0.8365384615384616 0.5192307692307693 0.07692307692307693 0.07692307692307693
0 0.9074519230769231 0.41346153846153844 0.0625 0.0625
0 0.9387019230769231 0.45913461538461536 0.0625 0.0625
0 0.9122596153846154 0.4675480769230769 0.0625 0.0625
0 0.9314903846153846 0.6418269230769231 0.055288461538461536 0.0673076923076923
0 0.8233173076923077 0.07692307692307693 0.07211538461538461 0.06971153846153846