0 0.7091346153846154 0.8689903846153846 0.06009615384615385 0.057692307692307696
0 0.9543269230769231 0.6322115384615384 0.08653846153846154 0.10096153846153846
0 0.890625 0.5456730769230769 0.11778846153846154 0.12259615384615384
0 0.640625 0.7067307692307693 0.055288461538461536 0.057692307692307696
0 0.44350961538461536 0.5733173076923077 0.07211538461538461 0.07692307692307693
0 0.3425480769230769 0.5240384615384616 0.07211538461538461 0.07692307692307693
0 0.3112980769230769 0.5901442307692307 0.07211538461538461 0.07692307692307693
0 0.30408653846153844 0.8028846153846154 0.08173076923076923 0.0889423076923077
0 0.04807692307692308 0.6802884615384616 0.0673076923076923 0.10576923076923077
0 0.4699519230769231 0.9639423076923077 0.06009615384615385 0.06009615384615385
0 0.9230769230769231 0.9747596153846154 0.07211538461538461 0.04567307692307692
0 0.8269230769230769 0.4519230769230769 0.07211538461538461 0.0985576923076923
0 0.5588942307692307 0.19591346153846154 0.057692307692307696 0.07692307692307693
0 0.7163461538461539 0.27163461538461536 0.04807692307692308 0.06971153846153846
0 0.5913461538461539 0.21995192307692307 0.0889423076923077 0.10336538461538461