0 0.5829326923076923 0.25240384615384615 0.0625 0.0889423076923077
0 0.49759615384615385 0.39783653846153844 0.0625 0.0889423076923077
0 0.39302884615384615 0.4387019230769231 0.057692307692307696 0.07932692307692307
0 0.3798076923076923 0.35216346153846156 0.057692307692307696 0.07932692307692307
0 0.4423076923076923 0.5216346153846154 0.08173076923076923 0.10576923076923077
0 0.4254807692307692 0.7764423076923077 0.08173076923076923 0.10576923076923077
0 0.37740384615384615 0.8990384615384616 0.07692307692307693 0.0889423076923077
0 0.22355769230769232 0.8161057692307693 0.06009615384615385 0.08413461538461539
0 0.19831730769230768 0.7896634615384616 0.06009615384615385 0.08413461538461539
0 0.6742788461538461 0.9362980769230769 0.06009615384615385 0.08413461538461539
0 0.7956730769230769 0.9423076923076923 0.09134615384615384 0.11057692307692307
0 0.9230769230769231 0.9278846153846154 0.0889423076923077 0.11538461538461539