0 0.42427884615384615 0.4266826923076923 0.10336538461538461 0.12740384615384615
0 0.4411057692307692 0.3918269230769231 0.09134615384615384 0.10336538461538461
0 0.4639423076923077 0.34615384615384615 0.12980769230769232 0.1346153846153846
0 0.4050480769230769 0.3557692307692308 0.07451923076923077 0.06971153846153846
0 0.5492788461538461 0.3293269230769231 0.07451923076923077 0.07932692307692307
0 0.5973557692307693 0.35697115384615385 0.09375 0.11057692307692307
0 0.65625 0.3473557692307692 0.07451923076923077 0.08173076923076923
0 0.7211538461538461 0.34975961538461536 0.08173076923076923 0.09134615384615384
0 0.7439903846153846 0.375 0.07932692307692307 0.09134615384615384
0 0.7932692307692307 0.4723557692307692 0.0625 0.07932692307692307
0 0.828125 0.4639423076923077 0.0625 0.07932692307692307