0 0.09615384615384616 0.7379807692307693 0.06971153846153846 0.07932692307692307
0 0.14302884615384615 0.7247596153846154 0.06971153846153846 0.07932692307692307
0 0.1778846153846154 0.6358173076923077 0.07932692307692307 0.08413461538461539
0 0.43028846153846156 0.4855769230769231 0.07932692307692307 0.08413461538461539
0 0.41225961538461536 0.4266826923076923 0.07932692307692307 0.08413461538461539
0 0.48677884615384615 0.3401442307692308 0.08413461538461539 0.09375
0 0.44591346153846156 0.3125 0.08413461538461539 0.09375
0 0.59375 0.11298076923076923 0.08413461538461539 0.09375
0 0.8317307692307693 0.027644230769230768 0.07211538461538461 0.055288461538461536
0 0.6298076923076923 0.5997596153846154 0.07451923076923077 0.08173076923076923
0 0.6538461538461539 0.8185096153846154 0.08173076923076923 0.0889423076923077
0 0.8269230769230769 0.6346153846153846 0.06490384615384616 0.07451923076923077