0 0.8509615384615384 0.15865384615384615 0.07932692307692307 0.10096153846153846
0 0.8185096153846154 0.18990384615384615 0.10576923076923077 0.0985576923076923
0 0.6177884615384616 0.4230769230769231 0.07211538461538461 0.0889423076923077
0 0.5420673076923077 0.7175480769230769 0.07211538461538461 0.0889423076923077
0 0.5757211538461539 0.828125 0.052884615384615384 0.06490384615384616
0 0.5805288461538461 0.8581730769230769 0.07932692307692307 0.09615384615384616
0 0.6021634615384616 0.8088942307692307 0.08653846153846154 0.10336538461538461
0 0.41346153846153844 0.6754807692307693 0.0673076923076923 0.08413461538461539
0 0.36658653846153844 0.4519230769230769 0.07692307692307693 0.09375
0 0.4110576923076923 0.5432692307692307 0.0673076923076923 0.08413461538461539
0 0.3173076923076923 0.2620192307692308 0.055288461538461536 0.0673076923076923
0 0.43028846153846156 0.3485576923076923 0.07932692307692307 0.0889423076923077
0 0.4639423076923077 0.20072115384615385 0.057692307692307696 0.0625
0 0.4567307692307692 0.03125 0.04807692307692308 0.04326923076923077