0 0.7019230769230769 0.8329326923076923 0.0889423076923077 0.1201923076923077
0 0.21514423076923078 0.9879807692307693 0.06490384615384616 0.019230769230769232
0 0.9651442307692307 0.6935096153846154 0.02403846153846154 0.11538461538461539
0 0.9603365384615384 0.49759615384615385 0.06009615384615385 0.11057692307692307
0 0.6959134615384616 0.2956730769230769 0.10817307692307693 0.12980769230769232
0 0.46875 0.2548076923076923 0.0889423076923077 0.125
0 0.40384615384615385 0.25240384615384615 0.0985576923076923 0.14182692307692307
0 0.5192307692307693 0.0985576923076923 0.08173076923076923 0.11778846153846154
0 0.3076923076923077 0.18629807692307693 0.0985576923076923 0.14182692307692307
0 0.7560096153846154 0.06490384615384616 0.0889423076923077 0.12980769230769232
0 0.6286057692307693 0.20793269230769232 0.10096153846153846 0.12740384615384615