0 0.4639423076923077 0.8545673076923077 0.07932692307692307 0.0889423076923077
0 0.6935096153846154 0.9170673076923077 0.09134615384615384 0.04567307692307692
0 0.6322115384615384 0.7548076923076923 0.08653846153846154 0.10336538461538461
0 0.9314903846153846 0.09975961538461539 0.07211538461538461 0.10096153846153846
0 0.9567307692307693 0.1658653846153846 0.07211538461538461 0.10096153846153846
0 0.13221153846153846 0.9447115384615384 0.07211538461538461 0.0889423076923077
0 0.2704326923076923 0.45552884615384615 0.08173076923076923 0.0985576923076923
0 0.25240384615384615 0.27283653846153844 0.07932692307692307 0.11057692307692307
0 0.26802884615384615 0.29086538461538464 0.06009615384615385 0.08413461538461539
0 0.203125 0.3137019230769231 0.06490384615384616 0.09375
0 0.12139423076923077 0.28125 0.06490384615384616 0.07932692307692307
0 0.11658653846153846 0.3088942307692308 0.06490384615384616 0.07932692307692307