0 0.765625 0.265625 0.09615384615384616 0.09375
0 0.6478365384615384 0.3894230769230769 0.06490384615384616 0.08173076923076923
0 0.7824519230769231 0.7379807692307693 0.0625 0.0673076923076923
0 0.8653846153846154 0.7668269230769231 0.0673076923076923 0.07451923076923077
0 0.8653846153846154 0.828125 0.0625 0.0673076923076923
0 0.9519230769230769 0.484375 0.0673076923076923 0.09615384615384616
0 0.13341346153846154 0.27884615384615385 0.0673076923076923 0.07692307692307693
0 0.109375 0.359375 0.0673076923076923 0.08173076923076923
0 0.17307692307692307 0.3605769230769231 0.07932692307692307 0.08653846153846154
0 0.14182692307692307 0.38461538461538464 0.057692307692307696 0.06490384615384616
0 0.13942307692307693 0.2608173076923077 0.06009615384615385 0.07932692307692307
0 0.09254807692307693 0.11899038461538461 0.0625 0.07692307692307693
0 0.15865384615384615 0.12860576923076922 0.0625 0.07692307692307693
0 0.3557692307692308 0.13822115384615385 0.04807692307692308 0.0673076923076923