0 0.8978365384615384 0.45552884615384615 0.07451923076923077 0.0673076923076923
0 0.4411057692307692 0.7536057692307693 0.07451923076923077 0.0673076923076923
0 0.41947115384615385 0.8473557692307693 0.06490384615384616 0.07692307692307693
0 0.4675480769230769 0.9050480769230769 0.09615384615384616 0.0889423076923077
0 0.3641826923076923 0.8377403846153846 0.07932692307692307 0.07211538461538461
0 0.30528846153846156 0.7584134615384616 0.07932692307692307 0.09375
0 0.24519230769230768 0.7043269230769231 0.0625 0.06971153846153846
0 0.09975961538461539 0.671875 0.052884615384615384 0.0673076923076923
0 0.2548076923076923 0.9182692307692307 0.09615384615384616 0.09375
0 0.14783653846153846 0.9302884615384616 0.07692307692307693 0.052884615384615384
0 0.3125 0.9459134615384616 0.0673076923076923 0.05048076923076923