0 0.17548076923076922 0.4110576923076923 0.08173076923076923 0.07211538461538461
0 0.33533653846153844 0.4110576923076923 0.07451923076923077 0.0673076923076923
0 0.5889423076923077 0.19591346153846154 0.07692307692307693 0.07692307692307693
0 0.9254807692307693 0.013221153846153846 0.07211538461538461 0.026442307692307692
0 0.9639423076923077 0.008413461538461538 0.0673076923076923 0.016826923076923076
0 0.8317307692307693 0.49399038461538464 0.08173076923076923 0.08173076923076923
0 0.875 0.44350961538461536 0.06490384615384616 0.0673076923076923
0 0.6502403846153846 0.8028846153846154 0.06490384615384616 0.07451923076923077
0 0.2848557692307692 0.8088942307692307 0.06971153846153846 0.07451923076923077
0 0.2247596153846154 0.5372596153846154 0.057692307692307696 0.06009615384615385
0 0.171875 0.33653846153846156 0.0625 0.06490384615384616