0 0.8774038461538461 0.6826923076923077 0.08413461538461539 0.06490384615384616
0 0.7091346153846154 0.6370192307692307 0.07692307692307693 0.06009615384615385
0 0.5252403846153846 0.7872596153846154 0.07692307692307693 0.06971153846153846
0 0.25 0.9074519230769231 0.0673076923076923 0.0625
0 0.21394230769230768 0.90625 0.0673076923076923 0.0625
0 0.15144230769230768 0.41466346153846156 0.08413461538461539 0.07692307692307693
0 0.12379807692307693 0.453125 0.06490384615384616 0.0625
0 0.22115384615384615 0.14543269230769232 0.06490384615384616 0.0673076923076923
0 0.6057692307692307 0.24158653846153846 0.06971153846153846 0.0673076923076923
0 0.7776442307692307 0.5396634615384616 0.057692307692307696 0.055288461538461536
0 0.9122596153846154 0.7584134615384616 0.06009615384615385 0.06009615384615385