0 0.7055288461538461 0.45072115384615385 0.07692307692307693 0.07932692307692307
0 0.6442307692307693 0.5276442307692307 0.07692307692307693 0.07932692307692307
0 0.5961538461538461 0.5733173076923077 0.0625 0.0625
0 0.6298076923076923 0.6923076923076923 0.07451923076923077 0.07692307692307693
0 0.6923076923076923 0.6862980769230769 0.0673076923076923 0.06971153846153846
0 0.4987980769230769 0.6778846153846154 0.0673076923076923 0.06971153846153846
0 0.4411057692307692 0.6670673076923077 0.0673076923076923 0.06971153846153846
0 0.23557692307692307 0.5276442307692307 0.0673076923076923 0.06971153846153846
0 0.02403846153846154 0.6201923076923077 0.04807692307692308 0.052884615384615384
0 0.48197115384615385 0.39663461538461536 0.07211538461538461 0.08173076923076923
0 0.6009615384615384 0.30528846153846156 0.055288461538461536 0.0673076923076923
0 0.6538461538461539 0.32211538461538464 0.055288461538461536 0.0673076923076923
0 0.9050480769230769 0.578125 0.04807692307692308 0.052884615384615384