0 0.5649038461538461 0.46274038461538464 0.09134615384615384 0.09615384615384616
0 0.4387019230769231 0.2247596153846154 0.07451923076923077 0.08413461538461539
0 0.4326923076923077 0.23798076923076922 0.08413461538461539 0.09615384615384616
0 0.3762019230769231 0.23317307692307693 0.07692307692307693 0.09615384615384616
0 0.3173076923076923 0.23317307692307693 0.08173076923076923 0.09615384615384616
0 0.29927884615384615 0.17908653846153846 0.08653846153846154 0.08653846153846154
0 0.3233173076923077 0.14423076923076922 0.06971153846153846 0.08413461538461539
0 0.30649038461538464 0.07451923076923077 0.07451923076923077 0.09375
0 0.26322115384615385 0.3161057692307692 0.07211538461538461 0.08413461538461539
0 0.030048076923076924 0.07211538461538461 0.06009615384615385 0.09615384615384616
0 0.02283653846153846 0.10216346153846154 0.04567307692307692 0.10336538461538461