0 0.34615384615384615 0.640625 0.125 0.10817307692307693
0 0.21754807692307693 0.48677884615384615 0.125 0.10817307692307693
0 0.4807692307692308 0.14543269230769232 0.125 0.10817307692307693
0 0.5576923076923077 0.11057692307692307 0.15144230769230768 0.13221153846153846
0 0.8149038461538461 0.265625 0.1201923076923077 0.10336538461538461
0 0.6105769230769231 0.625 0.1201923076923077 0.10336538461538461
0 0.6802884615384616 0.6430288461538461 0.1201923076923077 0.10336538461538461
0 0.7295673076923077 0.6971153846153846 0.08653846153846154 0.07451923076923077
0 0.640625 0.6802884615384616 0.0625 0.052884615384615384
0 0.8990384615384616 0.3485576923076923 0.08413461538461539 0.07211538461538461
0 0.8870192307692307 0.33774038461538464 0.08413461538461539 0.07211538461538461
0 0.8473557692307693 0.34134615384615385 0.06971153846153846 0.06009615384615385
0 0.8617788461538461 0.40865384615384615 0.06971153846153846 0.06009615384615385