0 0.7860576923076923 0.04807692307692308 0.13701923076923078 0.0625
0 0.43149038461538464 0.07932692307692307 0.11538461538461539 0.13942307692307693
0 0.5264423076923077 0.09975961538461539 0.11538461538461539 0.13942307692307693
0 0.515625 0.21634615384615385 0.12980769230769232 0.16346153846153846
0 0.49759615384615385 0.3629807692307692 0.09615384615384616 0.1201923076923077
0 0.32211538461538464 0.3954326923076923 0.08653846153846154 0.11778846153846154
0 0.3329326923076923 0.2668269230769231 0.09615384615384616 0.12740384615384615
0 0.23197115384615385 0.16346153846153846 0.08413461538461539 0.09375
0 0.23197115384615385 0.04447115384615385 0.07451923076923077 0.07932692307692307
0 0.8774038461538461 0.6622596153846154 0.14423076923076922 0.18269230769230768
0 0.9459134615384616 0.6370192307692307 0.10336538461538461 0.1971153846153846
0 0.8100961538461539 0.7007211538461539 0.08413461538461539 0.10817307692307693
0 0.7872596153846154 0.6730769230769231 0.07451923076923077 0.0985576923076923