0 0.010817307692307692 0.0985576923076923 0.021634615384615384 0.12980769230769232
0 0.16706730769230768 0.0985576923076923 0.11298076923076923 0.13942307692307693
0 0.09134615384615384 0.23197115384615385 0.11298076923076923 0.13942307692307693
0 0.46153846153846156 0.5252403846153846 0.11298076923076923 0.13942307692307693
0 0.5456730769230769 0.5841346153846154 0.11298076923076923 0.13942307692307693
0 0.5516826923076923 0.44471153846153844 0.11057692307692307 0.12740384615384615
0 0.6430288461538461 0.21995192307692307 0.10096153846153846 0.11538461538461539
0 0.5192307692307693 0.15264423076923078 0.10096153846153846 0.11538461538461539
0 0.5228365384615384 0.078125 0.11778846153846154 0.09615384615384616
0 0.5540865384615384 0.07692307692307693 0.11778846153846154 0.0625
0 0.08533653846153846 0.039663461538461536 0.11778846153846154 0.07932692307692307
0 0.030048076923076924 0.07091346153846154 0.06009615384615385 0.12740384615384615