0 0.8930288461538461 0.3233173076923077 0.09375 0.09375
0 0.8365384615384616 0.28966346153846156 0.10096153846153846 0.10576923076923077
0 0.9086538461538461 0.36538461538461536 0.09375 0.10576923076923077
0 0.6694711538461539 0.46875 0.11057692307692307 0.125
0 0.6105769230769231 0.40024038461538464 0.07692307692307693 0.09134615384615384
0 0.6081730769230769 0.34375 0.10576923076923077 0.09134615384615384
0 0.6045673076923077 0.28846153846153844 0.10096153846153846 0.11057692307692307
0 0.5480769230769231 0.2127403846153846 0.10096153846153846 0.11057692307692307
0 0.5180288461538461 0.1310096153846154 0.07451923076923077 0.07932692307692307
0 0.06129807692307692 0.16346153846153846 0.10096153846153846 0.11538461538461539
0 0.0985576923076923 0.4387019230769231 0.06009615384615385 0.06971153846153846
0 0.14543269230769232 0.6370192307692307 0.09375 0.11778846153846154
0 0.11177884615384616 0.8004807692307693 0.04567307692307692 0.15384615384615385
0 0.4110576923076923 0.6069711538461539 0.09375 0.10817307692307693
0 0.8846153846153846 0.8317307692307693 0.11057692307692307 0.11057692307692307
0 0.953125 0.8810096153846154 0.0889423076923077 0.11298076923076923
0 0.9735576923076923 0.6442307692307693 0.04807692307692308 0.11057692307692307
0 0.90625 0.24278846153846154 0.016826923076923076 0.07451923076923077
0 0.7475961538461539 0.12620192307692307 0.10096153846153846 0.09134615384615384