0 0.06129807692307692 0.8028846153846154 0.07451923076923077 0.10336538461538461
0 0.02403846153846154 0.7415865384615384 0.04807692307692308 0.0985576923076923
0 0.042067307692307696 0.6995192307692307 0.055288461538461536 0.08653846153846154
0 0.49759615384615385 0.7331730769230769 0.06971153846153846 0.10817307692307693
0 0.6466346153846154 0.5324519230769231 0.07932692307692307 0.10817307692307693
0 0.6153846153846154 0.5492788461538461 0.06971153846153846 0.0889423076923077
0 0.6009615384615384 0.4675480769230769 0.07451923076923077 0.11298076923076923
0 0.6213942307692307 0.4254807692307692 0.07451923076923077 0.11298076923076923
0 0.6574519230769231 0.44711538461538464 0.07451923076923077 0.11298076923076923
0 0.7331730769230769 0.5132211538461539 0.06971153846153846 0.10576923076923077
0 0.6298076923076923 0.8822115384615384 0.06971153846153846 0.08653846153846154
0 0.6334134615384616 0.8569711538461539 0.06971153846153846 0.0889423076923077
0 0.6875 0.8449519230769231 0.07932692307692307 0.0985576923076923