0 0.25600961538461536 0.36177884615384615 0.052884615384615384 0.06971153846153846
0 0.47115384615384615 0.28966346153846156 0.0625 0.07451923076923077
0 0.49158653846153844 0.28125 0.0625 0.07451923076923077
0 0.5336538461538461 0.15264423076923078 0.0625 0.09134615384615384
0 0.5637019230769231 0.16346153846153846 0.055288461538461536 0.07451923076923077
0 0.5877403846153846 0.22235576923076922 0.07211538461538461 0.0889423076923077
0 0.5600961538461539 0.24879807692307693 0.04807692307692308 0.07211538461538461
0 0.6298076923076923 0.2668269230769231 0.0625 0.08413461538461539
0 0.6802884615384616 0.23557692307692307 0.0625 0.09134615384615384
0 0.6802884615384616 0.21394230769230768 0.057692307692307696 0.08413461538461539
0 0.9086538461538461 0.04807692307692308 0.04567307692307692 0.06971153846153846
0 0.9411057692307693 0.04807692307692308 0.04567307692307692 0.06971153846153846
0 0.9447115384615384 0.013221153846153846 0.04326923076923077 0.026442307692307692
0 0.9290865384615384 0.018028846153846152 0.040865384615384616 0.036057692307692304