0 0.5889423076923077 0.5600961538461539 0.0889423076923077 0.08413461538461539
0 0.5588942307692307 0.7728365384615384 0.07211538461538461 0.07211538461538461
0 0.5456730769230769 0.7584134615384616 0.08173076923076923 0.08173076923076923
0 0.4855769230769231 0.7475961538461539 0.07451923076923077 0.08173076923076923
0 0.41947115384615385 0.7247596153846154 0.07692307692307693 0.08173076923076923
0 0.4254807692307692 0.7776442307692307 0.08413461538461539 0.07211538461538461
0 0.4675480769230769 0.8233173076923077 0.0673076923076923 0.06971153846153846
0 0.4795673076923077 0.890625 0.07211538461538461 0.07932692307692307
0 0.3233173076923077 0.6213942307692307 0.06971153846153846 0.06971153846153846
0 0.16466346153846154 0.8064903846153846 0.07692307692307693 0.07932692307692307
0 0.12860576923076922 0.7668269230769231 0.08413461538461539 0.08653846153846154