0 0.7127403846153846 0.42427884615384615 0.10096153846153846 0.11057692307692307
0 0.6286057692307693 0.5096153846153846 0.10096153846153846 0.11057692307692307
0 0.5685096153846154 0.5637019230769231 0.08173076923076923 0.0889423076923077
0 0.5625 0.6790865384615384 0.0985576923076923 0.11057692307692307
0 0.6237980769230769 0.6646634615384616 0.0889423076923077 0.0985576923076923
0 0.44350961538461536 0.6802884615384616 0.0889423076923077 0.0985576923076923
0 0.3918269230769231 0.6778846153846154 0.0889423076923077 0.0985576923076923
0 0.23798076923076922 0.5600961538461539 0.0889423076923077 0.0985576923076923
0 0.020432692307692308 0.6814903846153846 0.040865384615384616 0.07451923076923077
0 0.5168269230769231 0.39663461538461536 0.09615384615384616 0.11298076923076923
0 0.6574519230769231 0.28725961538461536 0.07692307692307693 0.09134615384615384
0 0.703125 0.3004807692307692 0.07692307692307693 0.09134615384615384
0 0.8617788461538461 0.5288461538461539 0.0625 0.07211538461538461