0 0.25 0.3918269230769231 0.12980769230769232 0.16346153846153846
0 0.28725961538461536 0.4519230769230769 0.10096153846153846 0.13221153846153846
0 0.49399038461538464 0.4735576923076923 0.10096153846153846 0.13221153846153846
0 0.5300480769230769 0.484375 0.11298076923076923 0.1466346153846154
0 0.5877403846153846 0.27884615384615385 0.07451923076923077 0.09615384615384616
0 0.43509615384615385 0.7151442307692307 0.09615384615384616 0.0985576923076923
0 0.3798076923076923 0.8762019230769231 0.08653846153846154 0.08653846153846154
0 0.5456730769230769 0.9134615384615384 0.0889423076923077 0.09615384615384616
0 0.6790865384615384 0.8822115384615384 0.06490384615384616 0.07211538461538461
0 0.7103365384615384 0.8677884615384616 0.06490384615384616 0.07211538461538461
0 0.9242788461538461 0.3858173076923077 0.07692307692307693 0.08413461538461539
0 0.9627403846153846 0.3629807692307692 0.06971153846153846 0.07451923076923077