0 0.44471153846153844 0.4182692307692308 0.08413461538461539 0.07451923076923077
0 0.4026442307692308 0.43028846153846156 0.08413461538461539 0.07451923076923077
0 0.36538461538461536 0.4855769230769231 0.08413461538461539 0.07451923076923077
0 0.24639423076923078 0.41947115384615385 0.09615384615384616 0.09134615384615384
0 0.07932692307692307 0.5516826923076923 0.09615384615384616 0.09134615384615384
0 0.09375 0.4098557692307692 0.08413461538461539 0.11298076923076923
0 0.5540865384615384 0.25600961538461536 0.08653846153846154 0.08173076923076923
0 0.5288461538461539 0.24519230769230768 0.06971153846153846 0.0625
0 0.36538461538461536 0.7259615384615384 0.07692307692307693 0.07211538461538461
0 0.2692307692307692 0.7728365384615384 0.06971153846153846 0.0625
0 0.12139423076923077 0.8918269230769231 0.06971153846153846 0.0625