0 0.10817307692307693 0.7067307692307693 0.06490384615384616 0.0625
0 0.15625 0.6971153846153846 0.06490384615384616 0.0625
0 0.18028846153846154 0.6105769230769231 0.06971153846153846 0.06490384615384616
0 0.4266826923076923 0.4807692307692308 0.06971153846153846 0.06490384615384616
0 0.39903846153846156 0.4182692307692308 0.06971153846153846 0.06490384615384616
0 0.4639423076923077 0.3401442307692308 0.07692307692307693 0.07211538461538461
0 0.4182692307692308 0.3088942307692308 0.07692307692307693 0.07211538461538461
0 0.546875 0.11778846153846154 0.07692307692307693 0.07211538461538461
0 0.78125 0.037259615384615384 0.0625 0.06009615384615385
0 0.6490384615384616 0.6081730769230769 0.0673076923076923 0.0625
0 0.7019230769230769 0.8329326923076923 0.07451923076923077 0.06971153846153846
0 0.8581730769230769 0.6598557692307693 0.06009615384615385 0.057692307692307696