0 0.052884615384615384 0.3557692307692308 0.05048076923076923 0.07211538461538461
0 0.11778846153846154 0.53125 0.057692307692307696 0.08173076923076923
0 0.09375 0.5540865384615384 0.057692307692307696 0.08173076923076923
0 0.14543269230769232 0.6454326923076923 0.0625 0.0889423076923077
0 0.08653846153846154 0.7079326923076923 0.05048076923076923 0.07211538461538461
0 0.0829326923076923 0.7307692307692307 0.04807692307692308 0.07692307692307693
0 0.11057692307692307 0.8100961538461539 0.05048076923076923 0.06971153846153846
0 0.3858173076923077 0.9423076923076923 0.0889423076923077 0.06009615384615385
0 0.6322115384615384 0.8870192307692307 0.06490384615384616 0.0889423076923077
0 0.8185096153846154 0.7487980769230769 0.07451923076923077 0.10576923076923077
0 0.37259615384615385 0.421875 0.055288461538461536 0.07692307692307693
0 0.6237980769230769 0.06370192307692307 0.06009615384615385 0.07692307692307693
0 0.6213942307692307 0.9639423076923077 0.052884615384615384 0.0673076923076923
0 0.36538461538461536 0.2776442307692308 0.052884615384615384 0.0673076923076923