0 0.42427884615384615 0.7980769230769231 0.057692307692307696 0.07211538461538461
0 0.5060096153846154 0.5961538461538461 0.057692307692307696 0.07211538461538461
0 0.609375 0.4807692307692308 0.052884615384615384 0.0673076923076923
0 0.6274038461538461 0.5552884615384616 0.052884615384615384 0.0673076923076923
0 0.5564903846153846 0.4362980769230769 0.07692307692307693 0.0889423076923077
0 0.5661057692307693 0.1814903846153846 0.07692307692307693 0.0889423076923077
0 0.6129807692307693 0.03365384615384615 0.08173076923076923 0.0673076923076923
0 0.7728365384615384 0.014423076923076924 0.06009615384615385 0.028846153846153848
0 0.7980769230769231 0.019230769230769232 0.057692307692307696 0.038461538461538464
0 0.3137019230769231 0.20673076923076922 0.055288461538461536 0.06971153846153846
0 0.19230769230769232 0.28846153846153844 0.08173076923076923 0.09375
0 0.0673076923076923 0.3954326923076923 0.06971153846153846 0.09615384615384616