0 0.15985576923076922 0.5192307692307693 0.08653846153846154 0.0985576923076923
0 0.1466346153846154 0.46875 0.09615384615384616 0.11057692307692307
0 0.3245192307692308 0.4230769230769231 0.07692307692307693 0.09134615384615384
0 0.36778846153846156 0.4639423076923077 0.08413461538461539 0.0985576923076923
0 0.25240384615384615 0.3076923076923077 0.08413461538461539 0.0985576923076923
0 0.5492788461538461 0.49399038461538464 0.10336538461538461 0.1201923076923077
0 0.5637019230769231 0.4579326923076923 0.07451923076923077 0.0889423076923077
0 0.5901442307692307 0.44350961538461536 0.07451923076923077 0.0889423076923077
0 0.6478365384615384 0.43990384615384615 0.08173076923076923 0.09615384615384616
0 0.7259615384615384 0.46033653846153844 0.0985576923076923 0.125
0 0.7067307692307693 0.14302884615384615 0.09134615384615384 0.11298076923076923
0 0.44711538461538464 0.078125 0.08173076923076923 0.10096153846153846
0 0.40384615384615385 0.03245192307692308 0.07692307692307693 0.06490384615384616
0 0.057692307692307696 0.14903846153846154 0.06971153846153846 0.08653846153846154
0 0.026442307692307692 0.07451923076923077 0.052884615384615384 0.09134615384615384