0 0.8966346153846154 0.3076923076923077 0.11057692307692307 0.11298076923076923
0 0.84375 0.36778846153846156 0.09615384615384616 0.09134615384615384
0 0.5036057692307693 0.6766826923076923 0.08653846153846154 0.09134615384615384
0 0.49759615384615385 0.6045673076923077 0.10336538461538461 0.0985576923076923
0 0.41346153846153844 0.5408653846153846 0.09375 0.09134615384615384
0 0.3173076923076923 0.21394230769230768 0.06971153846153846 0.07932692307692307
0 0.15504807692307693 0.49158653846153844 0.07692307692307693 0.07932692307692307
0 0.12980769230769232 0.5576923076923077 0.07692307692307693 0.07932692307692307
0 0.13221153846153846 0.6141826923076923 0.07692307692307693 0.07932692307692307
0 0.29086538461538464 0.8882211538461539 0.08173076923076923 0.0889423076923077
0 0.03485576923076923 0.0625 0.057692307692307696 0.07211538461538461