0 0.5997596153846154 0.1875 0.11298076923076923 0.0985576923076923
0 0.546875 0.21634615384615385 0.11298076923076923 0.0985576923076923
0 0.6201923076923077 0.11057692307692307 0.11298076923076923 0.08413461538461539
0 0.34615384615384615 0.2980769230769231 0.12259615384615384 0.11538461538461539
0 0.4362980769230769 0.40384615384615385 0.12259615384615384 0.11538461538461539
0 0.19831730769230768 0.30528846153846156 0.12259615384615384 0.11538461538461539
0 0.3485576923076923 0.24278846153846154 0.12259615384615384 0.11538461538461539
0 0.9170673076923077 0.36538461538461536 0.09134615384615384 0.08173076923076923
0 0.9543269230769231 0.39302884615384615 0.08173076923076923 0.07211538461538461
0 0.7596153846153846 0.3713942307692308 0.08173076923076923 0.07211538461538461
0 0.7247596153846154 0.8978365384615384 0.10817307692307693 0.09615384615384616
0 0.09134615384615384 0.8100961538461539 0.10817307692307693 0.09615384615384616
0 0.027644230769230768 0.8365384615384616 0.055288461538461536 0.1201923076923077
0 0.03125 0.6526442307692307 0.0625 0.10817307692307693