0 0.7247596153846154 0.6778846153846154 0.18028846153846154 0.22596153846153846
0 0.7920673076923077 0.8605769230769231 0.12980769230769232 0.1658653846153846
0 0.7163461538461539 0.9747596153846154 0.1346153846153846 0.04567307692307692
0 0.6105769230769231 0.9759615384615384 0.10576923076923077 0.04326923076923077
0 0.9242788461538461 0.2956730769230769 0.10576923076923077 0.18269230769230768
0 0.3245192307692308 0.3762019230769231 0.11298076923076923 0.14423076923076922
0 0.5288461538461539 0.8653846153846154 0.08653846153846154 0.11778846153846154
0 0.1045673076923077 0.625 0.06490384615384616 0.08413461538461539
0 0.08533653846153846 0.7175480769230769 0.06490384615384616 0.08413461538461539
0 0.796875 0.30288461538461536 0.08413461538461539 0.12259615384615384
0 0.8605769230769231 0.4423076923076923 0.08413461538461539 0.12259615384615384