0 0.140625 0.6526442307692307 0.1201923076923077 0.11778846153846154
0 0.13701923076923078 0.6069711538461539 0.13221153846153846 0.12980769230769232
0 0.33533653846153844 0.49158653846153844 0.10817307692307693 0.10576923076923077
0 0.36778846153846156 0.5168269230769231 0.11778846153846154 0.11538461538461539
0 0.28725961538461536 0.40625 0.11778846153846154 0.11538461538461539
0 0.5528846153846154 0.47475961538461536 0.14182692307692307 0.14182692307692307
0 0.5745192307692307 0.43509615384615385 0.10336538461538461 0.10336538461538461
0 0.6069711538461539 0.4110576923076923 0.10336538461538461 0.10336538461538461
0 0.6706730769230769 0.38100961538461536 0.11298076923076923 0.11298076923076923
0 0.7463942307692307 0.3737980769230769 0.13942307692307693 0.1466346153846154
0 0.796875 0.0673076923076923 0.125 0.13221153846153846
0 0.5408653846153846 0.10697115384615384 0.11298076923076923 0.11778846153846154
0 0.5036057692307693 0.07572115384615384 0.10096153846153846 0.07692307692307693
0 0.11899038461538461 0.3269230769230769 0.0985576923076923 0.10336538461538461
0 0.11658653846153846 0.2644230769230769 0.03365384615384615 0.10336538461538461