0 0.34134615384615385 0.08533653846153846 0.10096153846153846 0.11057692307692307
0 0.41225961538461536 0.234375 0.10817307692307693 0.11778846153846154
0 0.10216346153846154 0.7295673076923077 0.10817307692307693 0.12740384615384615
0 0.5697115384615384 0.5348557692307693 0.10817307692307693 0.12740384615384615
0 0.7163461538461539 0.35336538461538464 0.09615384615384616 0.10576923076923077
0 0.9567307692307693 0.43509615384615385 0.08173076923076923 0.11057692307692307
0 0.5492788461538461 0.7091346153846154 0.1201923076923077 0.12740384615384615
0 0.40384615384615385 0.7920673076923077 0.0985576923076923 0.11538461538461539
0 0.3737980769230769 0.8629807692307693 0.10817307692307693 0.11538461538461539
0 0.12379807692307693 0.8545673076923077 0.09615384615384616 0.11538461538461539
0 0.04447115384615385 0.9194711538461539 0.0889423076923077 0.12740384615384615
0 0.037259615384615384 0.7824519230769231 0.07451923076923077 0.08413461538461539
0 0.008413461538461538 0.6490384615384616 0.016826923076923076 0.15384615384615385
0 0.5625 0.03365384615384615 0.09615384615384616 0.06009615384615385