0 0.6105769230769231 0.6165865384615384 0.10817307692307693 0.12980769230769232
0 0.7872596153846154 0.4266826923076923 0.10817307692307693 0.12980769230769232
0 0.6286057692307693 0.12379807692307693 0.10817307692307693 0.12980769230769232
0 0.5612980769230769 0.10216346153846154 0.12740384615384615 0.15625
0 0.2536057692307692 0.3161057692307692 0.10336538461538461 0.1201923076923077
0 0.35096153846153844 0.6538461538461539 0.10336538461538461 0.1201923076923077
0 0.27403846153846156 0.6875 0.10336538461538461 0.1201923076923077
0 0.20673076923076922 0.7572115384615384 0.07451923076923077 0.0889423076923077
0 0.30288461538461536 0.7211538461538461 0.055288461538461536 0.0625
0 0.1466346153846154 0.421875 0.06971153846153846 0.08653846153846154
0 0.16105769230769232 0.40865384615384615 0.06971153846153846 0.08653846153846154
0 0.19951923076923078 0.4050480769230769 0.06009615384615385 0.06971153846153846
0 0.16706730769230768 0.47716346153846156 0.06009615384615385 0.06971153846153846