0 0.8701923076923077 0.7487980769230769 0.11057692307692307 0.10576923076923077
0 0.7908653846153846 0.6995192307692307 0.10817307692307693 0.09615384615384616
0 0.6947115384615384 0.5396634615384616 0.11778846153846154 0.10336538461538461
0 0.5805288461538461 0.7836538461538461 0.10576923076923077 0.10336538461538461
0 0.5048076923076923 0.8341346153846154 0.10576923076923077 0.08653846153846154
0 0.42788461538461536 0.8377403846153846 0.1346153846153846 0.11298076923076923
0 0.29086538461538464 0.7692307692307693 0.12259615384615384 0.11057692307692307
0 0.3918269230769231 0.8966346153846154 0.12259615384615384 0.11057692307692307
0 0.31850961538461536 0.328125 0.07211538461538461 0.07692307692307693
0 0.5180288461538461 0.2668269230769231 0.08653846153846154 0.07932692307692307
0 0.8822115384615384 0.6141826923076923 0.08653846153846154 0.07932692307692307
0 0.18509615384615385 0.7860576923076923 0.057692307692307696 0.05048076923076923
0 0.1346153846153846 0.7980769230769231 0.07211538461538461 0.06490384615384616
0 0.06370192307692307 0.6947115384615384 0.0625 0.052884615384615384