0 0.6923076923076923 0.16466346153846154 0.07692307692307693 0.07692307692307693
0 0.6274038461538461 0.16346153846153846 0.07692307692307693 0.07692307692307693
0 0.5180288461538461 0.1971153846153846 0.07692307692307693 0.07692307692307693
0 0.5300480769230769 0.0985576923076923 0.07692307692307693 0.07692307692307693
0 0.4483173076923077 0.11177884615384616 0.07692307692307693 0.07692307692307693
0 0.7860576923076923 0.055288461538461536 0.07692307692307693 0.07692307692307693
0 0.8125 0.1141826923076923 0.07692307692307693 0.07692307692307693
0 0.24759615384615385 0.5192307692307693 0.0889423076923077 0.09375
0 0.2091346153846154 0.5961538461538461 0.0985576923076923 0.10096153846153846
0 0.15745192307692307 0.5288461538461539 0.08173076923076923 0.07932692307692307
0 0.9615384615384616 0.26322115384615385 0.0673076923076923 0.06490384615384616
0 0.9807692307692307 0.14302884615384615 0.03365384615384615 0.06971153846153846
0 0.8894230769230769 0.49038461538461536 0.06971153846153846 0.0673076923076923
0 0.5036057692307693 0.3701923076923077 0.04807692307692308 0.04567307692307692
0 0.6862980769230769 0.12259615384615384 0.08173076923076923 0.07692307692307693