0 0.7247596153846154 0.14543269230769232 0.0889423076923077 0.08653846153846154
0 0.9795673076923077 0.057692307692307696 0.036057692307692304 0.10096153846153846
0 0.8197115384615384 0.23918269230769232 0.10096153846153846 0.10096153846153846
0 0.6298076923076923 0.8894230769230769 0.08413461538461539 0.0985576923076923
0 0.7043269230769231 0.8185096153846154 0.08413461538461539 0.0985576923076923
0 0.4651442307692308 0.06850961538461539 0.08413461538461539 0.08653846153846154
0 0.2403846153846154 0.5540865384615384 0.09134615384615384 0.0985576923076923
0 0.0889423076923077 0.7355769230769231 0.09134615384615384 0.10817307692307693
0 0.11778846153846154 0.7163461538461539 0.0673076923076923 0.08413461538461539
0 0.06850961538461539 0.6983173076923077 0.07451923076923077 0.09375
0 0.009615384615384616 0.6983173076923077 0.019230769230769232 0.08413461538461539