0 0.42427884615384615 0.9230769230769231 0.09615384615384616 0.08653846153846154
0 0.9098557692307693 0.9110576923076923 0.0625 0.057692307692307696
0 0.12980769230769232 0.8942307692307693 0.08413461538461539 0.08173076923076923
0 0.0829326923076923 0.6887019230769231 0.09375 0.07932692307692307
0 0.2644230769230769 0.37259615384615385 0.11298076923076923 0.09134615384615384
0 0.4519230769230769 0.23557692307692307 0.09375 0.0889423076923077
0 0.5084134615384616 0.20673076923076922 0.10096153846153846 0.10336538461538461
0 0.359375 0.0985576923076923 0.08413461538461539 0.08413461538461539
0 0.5709134615384616 0.09975961538461539 0.0985576923076923 0.10336538461538461
0 0.14182692307692307 0.15745192307692307 0.0889423076923077 0.10096153846153846
0 0.2980769230769231 0.2548076923076923 0.10576923076923077 0.09134615384615384