0 0.5709134615384616 0.38341346153846156 0.08653846153846154 0.0889423076923077
0 0.3629807692307692 0.31009615384615385 0.07451923076923077 0.07211538461538461
0 0.7716346153846154 0.21514423076923078 0.055288461538461536 0.07211538461538461
0 0.4579326923076923 0.6213942307692307 0.038461538461538464 0.036057692307692304
0 0.390625 0.609375 0.038461538461538464 0.036057692307692304
0 0.27884615384615385 0.5300480769230769 0.028846153846153848 0.02403846153846154
0 0.30649038461538464 0.5324519230769231 0.028846153846153848 0.02403846153846154
0 0.38461538461538464 0.5084134615384616 0.028846153846153848 0.02403846153846154
0 0.5480769230769231 0.5709134615384616 0.028846153846153848 0.02403846153846154
0 0.4098557692307692 0.4675480769230769 0.02403846153846154 0.02403846153846154
0 0.25240384615384615 0.4795673076923077 0.02403846153846154 0.02403846153846154
0 0.20793269230769232 0.4326923076923077 0.02403846153846154 0.02403846153846154
0 0.15504807692307693 0.37740384615384615 0.02403846153846154 0.02403846153846154
0 0.11177884615384616 0.4050480769230769 0.02403846153846154 0.02403846153846154
0 0.08413461538461539 0.4254807692307692 0.02403846153846154 0.02403846153846154