0 0.8413461538461539 0.3737980769230769 0.07451923076923077 0.07932692307692307
0 0.5228365384615384 0.3858173076923077 0.07451923076923077 0.07932692307692307
0 0.4579326923076923 0.47115384615384615 0.07451923076923077 0.07932692307692307
0 0.44471153846153844 0.49038461538461536 0.07451923076923077 0.07932692307692307
0 0.40865384615384615 0.06971153846153846 0.10336538461538461 0.0889423076923077
0 0.28966346153846156 0.06850961538461539 0.10336538461538461 0.0889423076923077
0 0.1875 0.1310096153846154 0.10336538461538461 0.0889423076923077
0 0.21514423076923078 0.24879807692307693 0.10336538461538461 0.0889423076923077
0 0.28725961538461536 0.7788461538461539 0.09375 0.0889423076923077
0 0.35697115384615385 0.7103365384615384 0.09375 0.0889423076923077
0 0.04927884615384615 0.9074519230769231 0.0985576923076923 0.11778846153846154
0 0.0625 0.9603365384615384 0.1201923076923077 0.07451923076923077
0 0.16105769230769232 0.32091346153846156 0.09375 0.08413461538461539