0 0.8689903846153846 0.2512019230769231 0.07211538461538461 0.07692307692307693
0 0.49038461538461536 0.11899038461538461 0.07211538461538461 0.07692307692307693
0 0.4266826923076923 0.109375 0.08173076923076923 0.08653846153846154
0 0.8173076923076923 0.6814903846153846 0.08173076923076923 0.08653846153846154
0 0.7572115384615384 0.6670673076923077 0.0673076923076923 0.07211538461538461
0 0.5084134615384616 0.8521634615384616 0.0889423076923077 0.09375
0 0.2860576923076923 0.6069711538461539 0.08653846153846154 0.09375
0 0.30408653846153844 0.6129807692307693 0.11298076923076923 0.12259615384615384
0 0.3076923076923077 0.4963942307692308 0.11298076923076923 0.12259615384615384
0 0.1971153846153846 0.4699519230769231 0.11298076923076923 0.12259615384615384
0 0.06850961538461539 0.4050480769230769 0.10817307692307693 0.12980769230769232