0 0.11177884615384616 0.7355769230769231 0.0673076923076923 0.09134615384615384
0 0.5649038461538461 0.46033653846153844 0.06009615384615385 0.08173076923076923
0 0.9194711538461539 0.5180288461538461 0.07692307692307693 0.09134615384615384
0 0.8689903846153846 0.6069711538461539 0.08413461538461539 0.0985576923076923
0 0.6598557692307693 0.4675480769230769 0.06971153846153846 0.07932692307692307
0 0.49759615384615385 0.2764423076923077 0.06971153846153846 0.07932692307692307
0 0.7415865384615384 0.6622596153846154 0.07451923076923077 0.0889423076923077
0 0.7884615384615384 0.6814903846153846 0.0673076923076923 0.07932692307692307
0 0.5949519230769231 0.6875 0.04807692307692308 0.06009615384615385
0 0.6177884615384616 0.7151442307692307 0.04807692307692308 0.06009615384615385
0 0.6358173076923077 0.8040865384615384 0.04807692307692308 0.06009615384615385
0 0.4987980769230769 0.5384615384615384 0.052884615384615384 0.06490384615384616
0 0.4795673076923077 0.6033653846153846 0.06009615384615385 0.06971153846153846
0 0.4110576923076923 0.40865384615384615 0.06009615384615385 0.06971153846153846