0 0.13701923076923078 0.30649038461538464 0.09375 0.1201923076923077
0 0.21394230769230768 0.34375 0.09134615384615384 0.10817307692307693
0 0.3076923076923077 0.4879807692307692 0.10096153846153846 0.1201923076923077
0 0.4206730769230769 0.23317307692307693 0.0889423076923077 0.1201923076923077
0 0.4963942307692308 0.17067307692307693 0.0889423076923077 0.09615384615384616
0 0.5721153846153846 0.15745192307692307 0.11298076923076923 0.125
0 0.7055288461538461 0.20552884615384615 0.10336538461538461 0.125
0 0.609375 0.09375 0.10336538461538461 0.125
0 0.6778846153846154 0.6454326923076923 0.06009615384615385 0.0889423076923077
0 0.4831730769230769 0.7319711538461539 0.07451923076923077 0.0889423076923077
0 0.12259615384615384 0.43990384615384615 0.07451923076923077 0.0889423076923077
0 0.8100961538461539 0.17668269230769232 0.04807692307692308 0.06009615384615385
0 0.859375 0.15985576923076922 0.06009615384615385 0.07211538461538461
0 0.9290865384615384 0.2512019230769231 0.052884615384615384 0.0625