0 0.6177884615384616 0.6742788461538461 0.07451923076923077 0.09615384615384616
0 0.6730769230769231 0.5576923076923077 0.07932692307692307 0.0889423076923077
0 0.7932692307692307 0.5096153846153846 0.07211538461538461 0.07692307692307693
0 0.8473557692307693 0.49759615384615385 0.057692307692307696 0.07692307692307693
0 0.8701923076923077 0.4879807692307692 0.06490384615384616 0.08653846153846154
0 0.75 0.6622596153846154 0.06490384615384616 0.08653846153846154
0 0.8677884615384616 0.7752403846153846 0.057692307692307696 0.07692307692307693
0 0.8461538461538461 0.7067307692307693 0.04567307692307692 0.0625
0 0.8774038461538461 0.7079326923076923 0.055288461538461536 0.08413461538461539
0 0.42427884615384615 0.5168269230769231 0.055288461538461536 0.08413461538461539
0 0.19230769230769232 0.6117788461538461 0.07451923076923077 0.1201923076923077
0 0.0889423076923077 0.5612980769230769 0.0985576923076923 0.1201923076923077
0 0.0673076923076923 0.7524038461538461 0.0673076923076923 0.08653846153846154
0 0.2704326923076923 0.33533653846153844 0.07692307692307693 0.08653846153846154