0 0.03365384615384615 0.7379807692307693 0.0673076923076923 0.08653846153846154
0 0.04326923076923077 0.7451923076923077 0.08653846153846154 0.08653846153846154
0 0.018028846153846152 0.8100961538461539 0.036057692307692304 0.08653846153846154
0 0.23677884615384615 0.8100961538461539 0.09615384615384616 0.09134615384615384
0 0.6165865384615384 0.44471153846153844 0.125 0.1201923076923077
0 0.7247596153846154 0.40384615384615385 0.13701923076923078 0.12259615384615384
0 0.5913461538461539 0.32091346153846156 0.11298076923076923 0.10096153846153846
0 0.6514423076923077 0.20793269230769232 0.0985576923076923 0.0889423076923077
0 0.7764423076923077 0.15264423076923078 0.1346153846153846 0.1201923076923077
0 0.6021634615384616 0.17307692307692307 0.10576923076923077 0.09375
0 0.34615384615384615 0.21514423076923078 0.08653846153846154 0.07692307692307693
0 0.28966346153846156 0.1778846153846154 0.08653846153846154 0.08413461538461539