0 0.040865384615384616 0.08653846153846154 0.08173076923076923 0.09615384615384616
0 0.20432692307692307 0.3557692307692308 0.08173076923076923 0.09375
0 0.47716346153846156 0.5576923076923077 0.0985576923076923 0.11298076923076923
0 0.3894230769230769 0.5072115384615384 0.07211538461538461 0.08413461538461539
0 0.4651442307692308 0.35697115384615385 0.0625 0.07451923076923077
0 0.6021634615384616 0.46153846153846156 0.05048076923076923 0.05048076923076923
0 0.7692307692307693 0.21875 0.08173076923076923 0.07451923076923077
0 0.36899038461538464 0.7596153846153846 0.08173076923076923 0.0985576923076923
0 0.7860576923076923 0.8689903846153846 0.10336538461538461 0.12259615384615384
0 0.9074519230769231 0.8810096153846154 0.11538461538461539 0.1346153846153846
0 0.9375 0.9699519230769231 0.1201923076923077 0.055288461538461536