0 0.6862980769230769 0.8221153846153846 0.10336538461538461 0.10576923076923077
0 0.7103365384615384 0.7944711538461539 0.10336538461538461 0.10576923076923077
0 0.7355769230769231 0.9014423076923077 0.10817307692307693 0.09134615384615384
0 0.8245192307692307 0.7151442307692307 0.11057692307692307 0.12740384615384615
0 0.6466346153846154 0.6033653846153846 0.11057692307692307 0.12740384615384615
0 0.9495192307692307 0.7139423076923077 0.09615384615384616 0.12980769230769232
0 0.8725961538461539 0.7764423076923077 0.11057692307692307 0.12740384615384615
0 0.23197115384615385 0.6262019230769231 0.08413461538461539 0.0889423076923077
0 0.17307692307692307 0.5961538461538461 0.07451923076923077 0.07932692307692307
0 0.3737980769230769 0.6262019230769231 0.07451923076923077 0.07932692307692307
0 0.6033653846153846 0.18990384615384615 0.10096153846153846 0.10336538461538461
0 0.6802884615384616 0.16947115384615385 0.1201923076923077 0.12740384615384615
0 0.8269230769230769 0.3605769230769231 0.0985576923076923 0.11298076923076923