0 0.038461538461538464 0.042067307692307696 0.07692307692307693 0.08413461538461539
0 0.3449519230769231 0.078125 0.1466346153846154 0.15625
0 0.26802884615384615 0.08774038461538461 0.1466346153846154 0.17548076923076922
0 0.33533653846153844 0.203125 0.16346153846153846 0.21394230769230768
0 0.43149038461538464 0.3581730769230769 0.1201923076923077 0.15865384615384615
0 0.6069711538461539 0.3918269230769231 0.10817307692307693 0.15144230769230768
0 0.5300480769230769 0.2548076923076923 0.12259615384615384 0.1658653846153846
0 0.5685096153846154 0.14903846153846154 0.10336538461538461 0.125
0 0.5096153846153846 0.046875 0.09375 0.052884615384615384
0 0.2403846153846154 0.6694711538461539 0.18269230769230768 0.2403846153846154
0 0.15144230769230768 0.6454326923076923 0.16826923076923078 0.25
0 0.3233173076923077 0.7115384615384616 0.10576923076923077 0.14182692307692307
0 0.3269230769230769 0.6814903846153846 0.09375 0.125