0 0.9314903846153846 0.5673076923076923 0.11778846153846154 0.1346153846153846
0 0.875 0.5252403846153846 0.1201923076923077 0.10817307692307693
0 0.4735576923076923 0.33653846153846156 0.11057692307692307 0.10576923076923077
0 0.47836538461538464 0.4050480769230769 0.12980769230769232 0.11538461538461539
0 0.40625 0.48677884615384615 0.11778846153846154 0.10817307692307693
0 0.3641826923076923 0.8149038461538461 0.0889423076923077 0.09134615384615384
0 0.1502403846153846 0.6045673076923077 0.0985576923076923 0.09375
0 0.11057692307692307 0.5516826923076923 0.0985576923076923 0.09375
0 0.1045673076923077 0.4963942307692308 0.0985576923076923 0.09375
0 0.21754807692307693 0.20072115384615385 0.10576923076923077 0.10336538461538461
0 0.11177884615384616 0.9951923076923077 0.08413461538461539 0.004807692307692308