0 0.14903846153846154 0.16706730769230768 0.0625 0.07692307692307693
0 0.1935096153846154 0.19471153846153846 0.0625 0.07692307692307693
0 0.20072115384615385 0.28125 0.06971153846153846 0.08173076923076923
0 0.41947115384615385 0.4891826923076923 0.06971153846153846 0.08173076923076923
0 0.38100961538461536 0.5336538461538461 0.06971153846153846 0.08173076923076923
0 0.43028846153846156 0.6274038461538461 0.07451923076923077 0.09134615384615384
0 0.3786057692307692 0.6370192307692307 0.07451923076923077 0.09134615384615384
0 0.4675480769230769 0.8569711538461539 0.07451923076923077 0.09134615384615384
0 0.6875 0.9891826923076923 0.0673076923076923 0.016826923076923076
0 0.6730769230769231 0.45913461538461536 0.0673076923076923 0.07932692307692307
0 0.7728365384615384 0.28365384615384615 0.07211538461538461 0.0889423076923077
0 0.8978365384615384 0.49399038461538464 0.057692307692307696 0.06971153846153846