0 0.59375 0.5817307692307693 0.10336538461538461 0.10576923076923077
0 0.5649038461538461 0.7680288461538461 0.08413461538461539 0.0889423076923077
0 0.5492788461538461 0.7463942307692307 0.09375 0.10336538461538461
0 0.49038461538461536 0.7211538461538461 0.0889423076923077 0.10336538461538461
0 0.4206730769230769 0.6814903846153846 0.09134615384615384 0.10336538461538461
0 0.42908653846153844 0.7319711538461539 0.0985576923076923 0.09375
0 0.4723557692307692 0.7872596153846154 0.07932692307692307 0.0889423076923077
0 0.4879807692307692 0.8521634615384616 0.08413461538461539 0.09615384615384616
0 0.32211538461538464 0.5600961538461539 0.08173076923076923 0.0889423076923077
0 0.1622596153846154 0.6814903846153846 0.09134615384615384 0.0985576923076923
0 0.12860576923076922 0.6346153846153846 0.10096153846153846 0.10817307692307693