0 0.02403846153846154 0.051682692307692304 0.04807692307692308 0.10336538461538461
0 0.22956730769230768 0.19110576923076922 0.08173076923076923 0.10096153846153846
0 0.2860576923076923 0.24519230769230768 0.0625 0.0889423076923077
0 0.32572115384615385 0.27884615384615385 0.07211538461538461 0.0985576923076923
0 0.49399038461538464 0.13822115384615385 0.07932692307692307 0.10817307692307693
0 0.5420673076923077 0.11658653846153846 0.07932692307692307 0.10817307692307693
0 0.8918269230769231 0.2848557692307692 0.07211538461538461 0.0985576923076923
0 0.6887019230769231 0.7391826923076923 0.07211538461538461 0.0985576923076923
0 0.7319711538461539 0.6478365384615384 0.07211538461538461 0.0985576923076923
0 0.1814903846153846 0.703125 0.10336538461538461 0.12259615384615384
0 0.23197115384615385 0.6334134615384616 0.07692307692307693 0.0889423076923077
0 0.5528846153846154 0.9603365384615384 0.07211538461538461 0.07451923076923077
0 0.6682692307692307 0.20552884615384615 0.06971153846153846 0.08653846153846154
0 0.6057692307692307 0.18389423076923078 0.06971153846153846 0.08173076923076923