0 0.9519230769230769 0.6286057692307693 0.05048076923076923 0.052884615384615384
0 0.890625 0.46033653846153844 0.055288461538461536 0.06009615384615385
0 0.9182692307692307 0.4375 0.055288461538461536 0.06009615384615385
0 0.8677884615384616 0.34975961538461536 0.06009615384615385 0.0625
0 0.9314903846153846 0.28725961538461536 0.05048076923076923 0.052884615384615384
0 0.9338942307692307 0.265625 0.04326923076923077 0.057692307692307696
0 0.9098557692307693 0.18990384615384615 0.05048076923076923 0.05048076923076923
0 0.6322115384615384 0.052884615384615384 0.08653846153846154 0.06490384615384616
0 0.3798076923076923 0.12740384615384615 0.06490384615384616 0.0625
0 0.18509615384615385 0.265625 0.07211538461538461 0.07451923076923077
0 0.6262019230769231 0.5721153846153846 0.052884615384615384 0.055288461538461536
0 0.3557692307692308 0.9278846153846154 0.057692307692307696 0.055288461538461536
0 0.39302884615384615 0.04927884615384615 0.052884615384615384 0.04807692307692308
0 0.6298076923076923 0.7139423076923077 0.052884615384615384 0.04807692307692308