0 0.06490384615384616 0.5132211538461539 0.06490384615384616 0.07451923076923077
0 0.11778846153846154 0.2668269230769231 0.07211538461538461 0.09134615384615384
0 0.07572115384615384 0.17548076923076922 0.07211538461538461 0.09134615384615384
0 0.5012019230769231 0.2848557692307692 0.07211538461538461 0.07451923076923077
0 0.16466346153846154 0.09254807692307693 0.07211538461538461 0.0889423076923077
0 0.23197115384615385 0.046875 0.0673076923076923 0.07932692307692307
0 0.26322115384615385 0.038461538461538464 0.06971153846153846 0.07692307692307693
0 0.5949519230769231 0.12980769230769232 0.0673076923076923 0.07932692307692307
0 0.6262019230769231 0.18509615384615385 0.0673076923076923 0.07932692307692307
0 0.8016826923076923 0.453125 0.0673076923076923 0.07932692307692307
0 0.9555288461538461 0.49038461538461536 0.052884615384615384 0.06490384615384616
0 0.6995192307692307 0.5673076923076923 0.06009615384615385 0.07932692307692307
0 0.5925480769230769 0.5721153846153846 0.06490384615384616 0.0889423076923077