0 0.828125 0.3449519230769231 0.08173076923076923 0.0889423076923077
0 0.6538461538461539 0.3954326923076923 0.0889423076923077 0.0985576923076923
0 0.6057692307692307 0.4543269230769231 0.0889423076923077 0.0985576923076923
0 0.5805288461538461 0.4338942307692308 0.08173076923076923 0.0889423076923077
0 0.8810096153846154 0.14783653846153846 0.0985576923076923 0.10817307692307693
0 0.9483173076923077 0.0985576923076923 0.0985576923076923 0.10817307692307693
0 0.4326923076923077 0.8846153846153846 0.10817307692307693 0.11778846153846154
0 0.22355769230769232 0.6201923076923077 0.0985576923076923 0.10817307692307693
0 0.20432692307692307 0.4879807692307692 0.0985576923076923 0.10817307692307693
0 0.10697115384615384 0.5997596153846154 0.08173076923076923 0.0889423076923077
0 0.09254807692307693 0.5540865384615384 0.08173076923076923 0.0889423076923077
0 0.1201923076923077 0.5432692307692307 0.08173076923076923 0.0889423076923077
0 0.15264423076923078 0.3641826923076923 0.07451923076923077 0.09134615384615384
0 0.0829326923076923 0.9459134615384616 0.0889423076923077 0.0985576923076923