0 0.19230769230769232 0.5300480769230769 0.15144230769230768 0.1658653846153846
0 0.25240384615384615 0.4891826923076923 0.125 0.13701923076923078
0 0.4855769230769231 0.5204326923076923 0.125 0.13701923076923078
0 0.5276442307692307 0.5216346153846154 0.13701923076923078 0.14903846153846154
0 0.5276442307692307 0.7103365384615384 0.0889423076923077 0.0985576923076923
0 0.4951923076923077 0.3004807692307692 0.11057692307692307 0.10096153846153846
0 0.4855769230769231 0.14783653846153846 0.10096153846153846 0.09375
0 0.6754807692307693 0.15625 0.10336538461538461 0.10096153846153846
0 0.8149038461538461 0.21634615384615385 0.07692307692307693 0.07451923076923077
0 0.84375 0.23798076923076922 0.07692307692307693 0.07451923076923077
0 0.9302884615384616 0.703125 0.09134615384615384 0.08653846153846154
0 0.9603365384615384 0.7331730769230769 0.07451923076923077 0.08173076923076923