0 0.09375 0.6538461538461539 0.06971153846153846 0.07451923076923077
0 0.11778846153846154 0.6646634615384616 0.06971153846153846 0.07451923076923077
0 0.09495192307692307 0.7223557692307693 0.06971153846153846 0.07451923076923077
0 0.051682692307692304 0.7439903846153846 0.06009615384615385 0.07692307692307693
0 0.3545673076923077 0.7764423076923077 0.07932692307692307 0.08173076923076923
0 0.6021634615384616 0.46634615384615385 0.10096153846153846 0.10817307692307693
0 0.6983173076923077 0.44471153846153844 0.11298076923076923 0.11057692307692307
0 0.5192307692307693 0.328125 0.09134615384615384 0.09134615384615384
0 0.5336538461538461 0.21995192307692307 0.08173076923076923 0.07932692307692307
0 0.6418269230769231 0.18629807692307693 0.11057692307692307 0.10817307692307693
0 0.4651442307692308 0.17307692307692307 0.08653846153846154 0.08653846153846154
0 0.2091346153846154 0.1622596153846154 0.06971153846153846 0.06971153846153846
0 0.1310096153846154 0.11057692307692307 0.06971153846153846 0.07451923076923077