0 0.7127403846153846 0.4879807692307692 0.11298076923076923 0.15865384615384615
0 0.26322115384615385 0.3088942307692308 0.12740384615384615 0.1778846153846154
0 0.296875 0.1201923076923077 0.12740384615384615 0.18990384615384615
0 0.34134615384615385 0.1778846153846154 0.13701923076923078 0.19230769230769232
0 0.33774038461538464 0.25961538461538464 0.125 0.13221153846153846
0 0.4206730769230769 0.1935096153846154 0.0985576923076923 0.14903846153846154
0 0.4699519230769231 0.22716346153846154 0.13221153846153846 0.21634615384615385
0 0.4411057692307692 0.34134615384615385 0.08653846153846154 0.12740384615384615
0 0.47596153846153844 0.5288461538461539 0.07932692307692307 0.11538461538461539
0 0.4831730769230769 0.375 0.07692307692307693 0.10817307692307693
0 0.47716346153846156 0.43149038461538464 0.07211538461538461 0.0889423076923077