0 0.9507211538461539 0.7271634615384616 0.07692307692307693 0.08413461538461539
0 0.8990384615384616 0.7560096153846154 0.08413461538461539 0.09375
0 0.9567307692307693 0.6850961538461539 0.07692307692307693 0.09375
0 0.6838942307692307 0.5528846153846154 0.09134615384615384 0.11298076923076923
0 0.6394230769230769 0.6141826923076923 0.06490384615384616 0.08173076923076923
0 0.6490384615384616 0.6730769230769231 0.08653846153846154 0.08173076923076923
0 0.6574519230769231 0.7307692307692307 0.08413461538461539 0.10096153846153846
0 0.6153846153846154 0.8016826923076923 0.08413461538461539 0.10096153846153846
0 0.6021634615384616 0.8810096153846154 0.0625 0.07211538461538461
0 0.12139423076923077 0.7956730769230769 0.08413461538461539 0.10576923076923077
0 0.09615384615384616 0.515625 0.04807692307692308 0.06490384615384616
0 0.09975961538461539 0.3173076923076923 0.07692307692307693 0.10817307692307693
0 0.027644230769230768 0.1466346153846154 0.036057692307692304 0.13942307692307693
0 0.38221153846153844 0.3786057692307692 0.07692307692307693 0.0985576923076923
0 0.8245192307692307 0.20192307692307693 0.09134615384615384 0.10096153846153846
0 0.8882211538461539 0.15985576923076922 0.08173076923076923 0.10096153846153846
0 0.9699519230769231 0.4110576923076923 0.055288461538461536 0.10096153846153846
0 0.9831730769230769 0.8100961538461539 0.014423076923076924 0.0673076923076923
0 0.9266826923076923 0.003605769230769231 0.07451923076923077 0.007211538461538462
0 0.84375 0.9122596153846154 0.08413461538461539 0.08173076923076923