0 0.6514423076923077 0.8557692307692307 0.0889423076923077 0.08173076923076923
0 0.8137019230769231 0.6081730769230769 0.08413461538461539 0.0673076923076923
0 0.8545673076923077 0.5877403846153846 0.08413461538461539 0.0673076923076923
0 0.9242788461538461 0.4182692307692308 0.08413461538461539 0.0673076923076923
0 0.8569711538461539 0.41225961538461536 0.0985576923076923 0.08173076923076923
0 0.8617788461538461 0.31971153846153844 0.0985576923076923 0.08173076923076923
0 0.8197115384615384 0.3233173076923077 0.07932692307692307 0.07211538461538461
0 0.7944711538461539 0.3137019230769231 0.07932692307692307 0.07211538461538461
0 0.6177884615384616 0.27884615384615385 0.0985576923076923 0.09134615384615384
0 0.5180288461538461 0.5144230769230769 0.07451923076923077 0.07211538461538461
0 0.45552884615384615 0.7620192307692307 0.09134615384615384 0.07692307692307693
0 0.3545673076923077 0.30408653846153844 0.07211538461538461 0.0625
0 0.4182692307692308 0.33413461538461536 0.06009615384615385 0.06009615384615385
0 0.8016826923076923 0.390625 0.08413461538461539 0.07692307692307693
0 0.8545673076923077 0.24278846153846154 0.07932692307692307 0.08173076923076923