0 0.8425480769230769 0.2764423076923077 0.08173076923076923 0.08173076923076923
0 0.796875 0.23076923076923078 0.0985576923076923 0.0985576923076923
0 0.6826923076923077 0.16706730769230768 0.0985576923076923 0.0985576923076923
0 0.7692307692307693 0.3449519230769231 0.0889423076923077 0.09134615384615384
0 0.8269230769230769 0.45072115384615385 0.0889423076923077 0.09134615384615384
0 0.6105769230769231 0.15625 0.10817307692307693 0.10096153846153846
0 0.5673076923076923 0.12139423076923077 0.08413461538461539 0.07932692307692307
0 0.30649038461538464 0.15985576923076922 0.12259615384615384 0.10096153846153846
0 0.40024038461538464 0.7223557692307693 0.13701923076923078 0.14182692307692307
0 0.328125 0.7427884615384616 0.13701923076923078 0.14182692307692307
0 0.31971153846153844 0.8125 0.11057692307692307 0.11298076923076923
0 0.38221153846153844 0.8665865384615384 0.125 0.13221153846153846
0 0.5072115384615384 0.8954326923076923 0.11057692307692307 0.11778846153846154
0 0.5504807692307693 0.8942307692307693 0.11057692307692307 0.12740384615384615
0 0.6057692307692307 0.9086538461538461 0.10817307692307693 0.11538461538461539
0 0.12980769230769232 0.625 0.10817307692307693 0.11538461538461539
0 0.5504807692307693 0.6129807692307693 0.0985576923076923 0.10576923076923077
0 0.8774038461538461 0.9579326923076923 0.09615384615384616 0.07932692307692307
0 0.8665865384615384 0.9134615384615384 0.07692307692307693 0.07451923076923077
0 0.703125 0.7932692307692307 0.07692307692307693 0.07451923076923077