0 0.6911057692307693 0.17548076923076922 0.07211538461538461 0.08173076923076923
0 0.7992788461538461 0.2127403846153846 0.08173076923076923 0.10817307692307693
0 0.7524038461538461 0.43509615384615385 0.08173076923076923 0.10817307692307693
0 0.7019230769230769 0.46875 0.07211538461538461 0.09615384615384616
0 0.6358173076923077 0.453125 0.07211538461538461 0.09615384615384616
0 0.6790865384615384 0.41466346153846156 0.06490384615384616 0.08413461538461539
0 0.7475961538461539 0.5036057692307693 0.0889423076923077 0.11057692307692307
0 0.8762019230769231 0.6358173076923077 0.09615384615384616 0.12259615384615384
0 0.3629807692307692 0.7007211538461539 0.11538461538461539 0.125
0 0.9290865384615384 0.375 0.06490384615384616 0.09375
0 0.4723557692307692 0.17307692307692307 0.06009615384615385 0.08413461538461539