0 0.8530588235300001 0.1970588235294 0.05375971031819995 0.063117221726
0 0.880117647058 0.45105882353 0.05375971031819995 0.051124949598
0 0.910705882352 0.474588235294 0.05375971031819995 0.051124949598
0 0.887176470588 0.6428235294119999 0.05375971031819995 0.051124949598000055
0 0.8162352941180001 0.6370588235300001 0.059135681350000024 0.0612425771234
0 0.768 0.7217647058819999 0.059135681350000024 0.0612425771234
0 0.726705882352 0.714235294118 0.04789990189339994 0.05511831941119999
0 0.697294117648 0.71894117647 0.04789990189339994 0.05511831941119999
0 0.496235294118 0.721882352942 0.05795888129099996 0.07262885830480002
0 0.5267058823519999 0.489176470588 0.04694669384579998 0.05882937522700001
0 0.5997647058819999 0.252705882352 0.05680549955339995 0.05824108147459998
0 0.242 0.6572941176479999 0.0455523300918 0.047175275994399954
0 0.32505882353 0.6396470588240001 0.03652841350059998 0.047175275994399954
0 0.072 0.20757894736840002 0.06671558059819999 0.07487719483519999
0 0.746 0.6490526315780001 0.05296423184080004 0.05944358231299998
0 0.717 0.7945 0.045344760620400056 0.06506811767019997
