0 0.36619047619 0.75980952381 0.061426423991399984 0.0730208166566
0 0.44285714285800004 0.716571428572 0.08175857033260002 0.09719070696999996
0 0.536476190476 0.760476190476 0.05364179799519996 0.063766822843
0 0.554285714286 0.804 0.043449856376200045 0.05165112650280002
0 0.5774285714280001 0.8242857142860001 0.052574326215200015 0.06249786306839997
0 0.597142857142 0.74780952381 0.04258520423419998 0.05062326908540001
0 0.6485714285719999 0.8382857142860001 0.04258520423419998 0.05062326908540001
0 0.657238095238 0.8088571428579999 0.04637528741100005 0.05512874003399997
0 0.6858095238099999 0.8174285714280001 0.04637528741100005 0.05512874003399997
0 0.699142857142 0.783142857142 0.04637528741100005 0.05512874003399997
0 0.71819047619 0.796476190476 0.04637528741100005 0.05512874003399997
0 0.647142857142 0.44076190476199995 0.06172550754420001 0.07337635298539999
0 0.7757142857139999 0.31123809523799995 0.06172550754420001 0.07337635298539999
0 0.9183809523800001 0.77580952381 0.05499742722179997 0.06537833050999996
0 0.9744761904760001 0.818761904762 0.04949768449960004 0.07048503190600001
0 0.918666666666 0.849333333334 0.06522260388840004 0.07523071157079994
0 0.9300952380960001 0.916 0.06522260388840004 0.07523071157079994
0 0.9401904761900001 0.970761904762 0.05177898599759999 0.05484318873500001
