0 0.286588235294 0.1868235294118 0.07472179696579996 0.09842708545900002
0 0.319529411764 0.1897647058824 0.07472179696580003 0.07972593922179999
0 0.46047058823599996 0.25258823529400004 0.0895092405854 0.08769853314400002
0 0.1769411764706 0.51494117647 0.0895092405854 0.08769853314400002
0 0.03670588235294 0.660352941176 0.06525223638680001 0.07892867982960002
0 0.707294117648 0.679647058824 0.10508937922320001 0.1271154281524
0 0.431647058824 0.0801176470588 0.06894914170840002 0.09266714712299999
0 0.405411764706 0.13423529411760002 0.07584405587920003 0.092667147123
0 0.9776470588239999 0.795294117648 0.04389393194060005 0.08256642808660002
0 0.368470588236 0.8557647058819999 0.06426510575420002 0.09082307089540007
0 0.713529411764 0.303882352942 0.06375476942019997 0.079092826694
0 0.7057647058819999 0.21870588235299998 0.07013024636219996 0.07047170858440001
0 0.758705882352 0.252823529412 0.07013024636219996 0.07047170858439998
