0 0.23435294117599997 0.7256470588239999 0.06577859792659999 0.058589040261000036
0 0.38329411764800003 0.829294117648 0.05920073813380003 0.07089273871579996
0 0.682 0.7184705882360001 0.08667580070179998 0.0857802138462
0 0.758705882352 0.35494117647 0.07020739856839998 0.0857802138462
0 0.801294117648 0.30905882352999997 0.09344604749459995 0.0857802138462
0 0.616117647058 0.372705882352 0.04469495483399999 0.056280398304399966
0 0.723176470588 0.1197647058824 0.04469495483399999 0.056280398304399994
0 0.979529411764 0.29952941176400005 0.03258262207400003 0.07490921014320003
0 0.1689411764706 0.302 0.03584088428140001 0.04423313949739997
0 0.209294117647 0.1795294117648 0.0290311162678 0.035828842992999994
