0 0.15610526315780002 0.5042105263159999 0.07184038545780001 0.08223839546280004
0 0.1516842105264 0.55452631579 0.07902442400359999 0.09046223500919996
0 0.33936842105200005 0.5886315789480001 0.064009783443 0.07327441035740002
0 0.372947368422 0.5442105263159999 0.07041076178719999 0.08060185139319997
0 0.28663157894799995 0.7073684210519999 0.07041076178720002 0.08060185139320003
0 0.55147368421 0.502736842106 0.08519702176260001 0.09752824018580003
0 0.57 0.5361052631580001 0.062108628864800036 0.07109808709539998
0 0.60052631579 0.547684210526 0.062108628864800036 0.07109808709540005
0 0.6603157894739999 0.5506315789480001 0.06831949175140005 0.07820789580500002
0 0.733684210526 0.52252631579 0.08266658501920006 0.10409470931639998
0 0.770736842106 0.8375789473680001 0.07439992651720001 0.09368523838479996
0 0.52252631579 0.917789473684 0.06695993386559997 0.08431671454620004
0 0.484631578948 0.970315789474 0.06695993386560002 0.049788176772399995
0 0.1185263157894 0.876 0.058474041182799995 0.07289486961240005
0 0.0901052631578 0.9538947368419999 0.05847404118280001 0.07289486961240005
