0 0.2256842105264 0.23084210526319998 0.06414746762619998 0.0690419309202
0 0.034105263157899995 0.403368421052 0.0641474676262 0.07594612401220002
0 0.310421052632 0.47557894736800005 0.08452647661639998 0.09006610333460002
0 0.646 0.323789473684 0.09297912427799997 0.09907271366819997
0 0.811789473684 0.6772631578939999 0.07531309066519998 0.0650016074376
0 0.86547368421 0.64347368421 0.07531309066519998 0.07150176818140005
0 0.9426315789480001 0.642736842106 0.06100360343880004 0.05791643222699997
0 0.9215789473680001 0.8416842105260001 0.06100360343880004 0.05791643222699997
0 0.23284210526319998 0.7013684210519999 0.07381436016100003 0.07007888299460001
0 0.0545263157894 0.816315789474 0.050351535434400005 0.06154076553100003
