0 0.15790476190480002 0.7373333333339999 0.07361423195179999 0.09166543956600003
0 0.2140952380952 0.723047619048 0.0736142319518 0.09166543956600003
0 0.2140952380952 0.881428571428 0.0736142319518 0.10083198352260002
0 0.34761904762 0.659523809524 0.080975655147 0.10083198352260002
0 0.393142857142 0.752857142858 0.07287808963239996 0.10083198352260002
0 0.270666666666 0.373523809524 0.0881824884552 0.09074878517040003
0 0.178 0.29371428571400005 0.07936423960960003 0.09982366368740003
0 0.5734285714280001 0.454476190476 0.08730066357060003 0.08984129731860002
0 0.661047619048 0.453523809524 0.08730066357060003 0.08984129731860002
0 0.627333333334 0.32 0.07071353749219998 0.08085716758680002
0 0.575904761904 0.259047619048 0.07071353749219998 0.08085716758680002
0 0.774761904762 0.566476190476 0.06364218374300003 0.07277145082820005
0 0.776666666666 0.8264761904760001 0.06364218374300003 0.07277145082820005
0 0.8320952380960002 0.74761904762 0.07000640211719997 0.08004859591100001
0 0.87019047619 0.7419047619039999 0.07000640211719997 0.08004859591100001
0 0.7222857142860001 0.6767619047619999 0.05670518571499997 0.06483936268779997
0 0.880476190476 0.9073333333339999 0.06237570428640004 0.07132329895659996
0 0.537647058824 0.039176470588236 0.08132236251520004 0.0793178510866
