0 0.0315294117647 0.376 0.0571099968492 0.0745257770952
0 0.0716470588236 0.5230588235299999 0.06910309618760002 0.0745257770952
0 0.243529411764 0.60894117647 0.08361474638699999 0.07452577709519995
0 0.279529411764 0.544235294118 0.07525327174819998 0.0745257770952
0 0.45129411764800004 0.34894117647 0.07525327174820001 0.0745257770952
0 0.593529411764 0.66894117647 0.06095515011600003 0.07452577709519995
0 0.18352941176479998 0.777176470588 0.0811313048044 0.07452577709520006
0 0.19247058823520002 0.838352941176 0.073018174324 0.07452577709520006
0 0.966 0.914117647058 0.05269794659139995 0.08197835480480001
0 0.7377647058819999 0.7270588235300001 0.05269794659139995 0.08197835480480001
0 0.20175 0.158 0.05856399999999999 0.05856399999999999
