0 0.29926315789400004 0.34178947368400003 0.0706693560846 0.09260684382339997
0 0.35147368420999997 0.6333684210519999 0.0855099208624 0.09260684382340002
0 0.38452631579 0.23442105263159999 0.06926303589840001 0.09260684382340002
0 0.5390526315780001 0.287052631578 0.07618933948840004 0.09260684382339997
0 0.5895789473680001 0.0578947368421 0.07618933948840004 0.083346159441
0 0.73052631579 0.28210526315799994 0.0838082734372 0.08334615944100003
0 0.776 0.34421052631599997 0.07542744609340002 0.083346159441
0 0.787789473684 0.27936842105200005 0.06788470148420003 0.06751038914720002
0 0.846105263158 0.30589473684199997 0.0894509922986 0.09884196075059998
0 0.037263157894739996 0.2332631578948 0.0652097733856 0.0988419607506
