0 0.04225 0.73075 0.0545532865534 0.06613228084800005
0 0.13 0.6525 0.06000861520879999 0.08002005982599997
0 0.14525 0.622 0.04860697831920001 0.06481624845900001
0 0.09925 0.3315 0.058814443766199986 0.070584894572
0 0.33075 0.19 0.0476396994506 0.06352640511479998
0 0.43975 0.07375 0.05240366939559999 0.06352640511479998
0 0.36875 0.18525 0.042446972210400016 0.051456388143
0 0.3875 0.19775 0.042446972210400016 0.051456388143
0 0.96275 0.72225 0.05136083637460001 0.07533729788000006
0 0.5415 0.3085 0.05136083637460001 0.07458392490120003
