0 0.0909411764706 0.32682352941200005 0.07855106299620002 0.09647430948300001
0 0.07635294117640001 0.051411764705880006 0.07069595669659998 0.0868268785348
0 0.2944 0.3388 0.0515373524318 0.0632967944518
0 0.3336 0.3692 0.0515373524318 0.0632967944518
0 0.3788 0.358 0.06236019644239997 0.0632967944518
0 0.4 0.3276 0.050511759118399994 0.0632967944518
0 0.43760000000000004 0.358 0.040914524885800004 0.0632967944518
0 0.498 0.4104 0.04500597737440001 0.05639744385659998
0 0.37039999999999995 0.4848 0.04950657511200001 0.05639744385659998
0 0.326 0.49319999999999997 0.054457232623200014 0.06824090706639999
0 0.018352941176480002 0.441764705882 0.034321509785 0.0629689349386
0 0.6817647058819999 0.609411764706 0.060802648196200036 0.08381165240320002
0 0.652352941176 0.1543529411764 0.060802648196200036 0.0678874384466
0 0.670588235294 0.05458823529412 0.08092832474919999 0.0894545987666
0 0.962588235294 0.581882352942 0.06424745938019999 0.07245822500099997
0 0.1658823529412 0.823529411764 0.04215275809939999 0.04278585728079997
