0 0.014 0.712842105264 0.030893771666599998 0.07246857639760003
0 0.286 0.675157894736 0.05473020102739997 0.06522171875800006
0 0.308105263158 0.627789473684 0.054730201027400026 0.06522171875800006
0 0.5049473684219999 0.8108421052639999 0.05473020102739997 0.07174389063360001
0 0.8386315789480001 0.745578947368 0.05473020102739997 0.07174389063360001
0 0.93547368421 0.487684210526 0.05473020102739997 0.07174389063359995
0 0.7712631578939999 0.152947368421 0.05473020102739997 0.0717438906336
0 0.706 0.0604210526316 0.05473020102739997 0.0645695015704
0 0.48831578947400006 0.17231578947360002 0.04433146283219998 0.052301296272
0 0.533368421052 0.53 0.05364107002700001 0.06328456848899998
