0 0.1658947368422 0.40968421052599996 0.058474041182799995 0.07289486961239999
0 0.48168421052599997 0.38652631579 0.05847404118280002 0.07289486961239999
0 0.544842105264 0.46652631579000003 0.05788930077099997 0.0721659209164
0 0.5564210526319999 0.48336842105199995 0.05788930077099997 0.0721659209164
0 0.61147368421 0.0558947368421 0.0847557252588 0.079382513008
0 0.730421052632 0.04221052631578 0.0847557252588 0.079382513008
0 0.8293684210519999 0.0937894736842 0.0847557252588 0.07938251300799999
0 0.793578947368 0.2148421052632 0.0847557252588 0.07938251300799999
0 0.699052631578 0.7569473684219999 0.07628015273279994 0.07938251300800005
0 0.631684210526 0.696947368422 0.07628015273279994 0.07938251300800005
0 0.945789473684 0.860421052632 0.10152888328739994 0.10460154356559997
0 0.918736842106 0.9312631578939999 0.09137599495879999 0.09414138920899995
0 0.84547368421 0.28221052631599997 0.07401455591659999 0.07625452525919997
