0 0.49475 0.08175 0.07327514344320002 0.0781298785554
0 0.09975 0.457 0.0725423920088 0.085942866411
0 0.65725 0.5845 0.0725423920088 0.08594286641099995
0 0.5425 0.5115 0.04283555705720005 0.05074840318700001
0 0.248 0.48075 0.05701412644319998 0.067546124642
0 0.54825 0.37475 0.04526243171479996 0.053623584976799976
0 0.5835 0.423 0.05476754237499995 0.07851029076459998
0 0.69125 0.503 0.06024429661260001 0.07772518785700004
0 0.69625 0.57425 0.043918092230599996 0.056661661947799986
0 0.816 0.78825 0.052083387856200036 0.06719625479880005
0 0.90025 0.885 0.05156255397760003 0.06047662931879995
0 0.83775 0.9025 0.05156255397760003 0.06047662931879995
0 0.99025 0.04675 0.031850453902800044 0.077322593342
