0 0.26333333333400005 0.342666666666 0.04522373936860001 0.0480347242556
0 0.138 0.288 0.045223739368599976 0.0480347242556
0 0.058 0.716666666666 0.060192797099399994 0.06393421798400004
0 0.09933333333340001 0.782 0.06019279709940001 0.06393421798400004
0 0.555333333334 0.37533333333400004 0.06019279709939997 0.06393421798399998
0 0.695333333334 0.43333333333400004 0.053095464393399995 0.056395734341600015
0 0.708666666666 0.492 0.053095464393399995 0.056395734341600015
0 0.6466666666659999 0.37933333333400004 0.04300732615879997 0.04568054481659999
0 0.675333333334 0.1873333333334 0.05203886465200003 0.05527345922820001
0 0.8206666666660001 0.326 0.05203886465200003 0.05527345922820001
