0 0.9305 0.6185 0.07841437155560003 0.07214762622659998
0 0.67275 0.59925 0.06916853300560001 0.0793623888492
0 0.66775 0.44675 0.06916853300560001 0.0793623888492
0 0.5755 0.2555 0.056026511734600035 0.05727662965640002
0 0.5525 0.929 0.06162916290800001 0.06930472188420003
0 0.25625 0.9405 0.08202841583039998 0.07623519407260006
0 0.046 0.7025 0.073087318505 0.08385871347980003
0 0.8775 0.59225 0.04315733070399995 0.055019701914200025
0 0.04725 0.61 0.07569128550000001 0.08055434557240006
0 0.47825 0.274 0.02639191935719998 0.028087563557400018
