0 0.950210526316 0.2236842105264 0.05203728725400004 0.06251281498099999
0 0.734421052632 0.28052631579000004 0.05203728725400004 0.06251281498100002
0 0.732315789474 0.413157894736 0.05203728725400004 0.06251281498100002
0 0.701789473684 0.47526315789400003 0.05203728725400004 0.06251281498100002
0 0.944947368422 0.41631578947400005 0.05203728725400004 0.06251281498100002
0 0.49652631579 0.8710526315780001 0.05203728725400004 0.06251281498100002
0 0.302105263158 0.7261052631580001 0.08380657149539997 0.09060976228959998
0 0.321263157894 0.893263157894 0.07467165520240002 0.09967073851860005
0 0.281263157894 0.8557894736839999 0.07392493865040001 0.0807332982002
0 0.2178947368422 0.934315789474 0.0805042581902 0.0976872908222
0 0.39547368421 0.909789473684 0.05281884379860003 0.07121403500939993
