0 0.2162105263158 0.23368421052639998 0.06719558252959999 0.08088550935840001
0 0.255157894736 0.261052631578 0.06719558252959999 0.08088550935839998
0 0.44042105263199993 0.037263157894739996 0.06719558252960002 0.0655172625804
0 0.20789473684220003 0.543578947368 0.06047602427660002 0.06551726258040003
0 0.1351578947368 0.749684210526 0.06652362670419999 0.07206898883839995
0 0.1098947368422 0.820210526316 0.06652362670419999 0.07206898883840006
0 0.26252631579 0.848315789474 0.0665236267042 0.08720347649439998
0 0.381789473684 0.7992631578939999 0.0538841376304 0.07063481596040003
0 0.9671578947360001 0.596315789474 0.04849572386739999 0.06357133436439995
0 0.970315789474 0.1742105263158 0.04849572386739999 0.0635713343644
