0 0.624631578948 0.430842105264 0.0650810582908 0.0680348450354
0 0.448842105264 0.78347368421 0.0650810582908 0.06803484503540005
0 0.294105263158 0.80052631579 0.0650810582908 0.06123136053199994
0 0.1351578947368 0.8978947368419999 0.06508105829080002 0.08149894086799998
0 0.30463157894799997 0.934736842106 0.0650810582908 0.08149894086799998
0 0.41326315789400003 0.975368421052 0.05857295246180001 0.05881860061379996
0 0.8228421052639999 0.8964210526319999 0.0527156572156 0.05881860061379996
0 0.7788421052639999 0.880631578948 0.046499954073200005 0.057648110461600025
0 0.885263157894 0.710315789474 0.04184995866600002 0.05188329941539996
0 0.813789473684 0.72 0.03766496279939997 0.042025472526599966
0 0.592315789474 0.0594736842106 0.0551452720346 0.06152949432600001
0 0.606210526316 0.035473684210519996 0.044667670348 0.0553765448934
