0 0.061428571428600004 0.2110476190476 0.060159944737799995 0.06711665040140002
0 0.07761904761899999 0.2253333333334 0.060159944737799995 0.06711665040140002
0 0.21761904761900003 0.1653333333334 0.0601599447378 0.06711665040140002
0 0.256 0.6771428571420001 0.0727935331328 0.08121114698560007
0 0.24552380952400002 0.693333333334 0.07279353313279997 0.08121114698560007
0 0.09180952380959999 0.891047619048 0.058962761837600006 0.06578102905840001
0 0.551047619048 0.610285714286 0.06485903802120004 0.07235913196420006
0 0.592095238096 0.660857142858 0.07134494182339995 0.07959504516059997
0 0.574952380952 0.742761904762 0.07134494182340007 0.07959504516059997
0 0.7777142857139999 0.8400952380960001 0.06421044764099998 0.08667900417999999
0 0.8300952380960002 0.719904761904 0.06421044764099998 0.07801110376199995
0 0.9484761904760001 0.46028571428599996 0.07769464164559997 0.09439343555200003
