0 0.4534285714280001 0.726571428572 0.08592973065140001 0.11836777770979995
0 0.7777142857139999 0.938 0.08592973065139994 0.11836777770979995
0 0.805714285714 0.1428571428572 0.08337753172140003 0.10233325348240001
0 0.635714285714 0.2145714285714 0.060782220624799946 0.07460094178879999
0 0.247142857142 0.18885714285719998 0.060782220624799974 0.07460094178879999
0 0.023428571428572 0.408 0.04777131159100001 0.058632027565399994
0 0.17142857142860002 0.782285714286 0.0635836157276 0.0780392286896
0 0.148 0.870285714286 0.07616681327999998 0.09348319204740005
0 0.1454285714286 0.741428571428 0.049973046192999984 0.061334322302200005
0 0.234 0.985714285714 0.04997304619300002 0.061334322302200005
0 0.2145714285714 0.959142857142 0.0549703508124 0.06746775453240002
0 0.11355555555560001 0.36066666666599995 0.056824590636 0.07015381560000003
