Mango 122.00038400000001 158.999808 172.99968 226.00012800000002
Mango 145.999872 291.99974399999996 209.999872 352.99968
Mango 181.000192 288.0 526.000128 589.9998720000001
Mango 184.99993600000002 5.9996160000000005 225.999872 59.000064
Mango 296.999936 144.0 318.999552 194.99980800000003
Mango 423.999488 29.999616 474.99980800000003 82.000128
Mango 517.9996160000001 332.00025600000004 817.999872 643.00032
Mango 595.00032 295.00032 647.000064 339.99974399999996
Mango 641.999872 128.000256 675.9997440000001 187.00032000000002
Mango 664.000512 135.999744 700.0002559999999 212.000256
