Mango 0.0 137.6 65.599488 216.00051200000001
Mango 0.0 201.6 123.19948799999999 344.000512
Mango 0.0 27.200512 148.800512 150.4
Mango 65.599488 78.400512 230.4 246.4
Mango 208.0 196.800512 801.599488 665.6
Mango 289.60051200000004 135.99948799999999 496.0 222.399488
Mango 304.0 668.8 563.2 920.000512
Mango 315.200512 0.0 486.4 167.99948799999999
Mango 489.6 1.6005120000000002 659.2 219.199488
Mango 662.4 563.2 830.400512 800.0
Mango 739.2 0.0 948.7994880000001 227.2
Mango 942.4005119999999 99.2 1022.4005119999999 273.60051200000004
Mango 950.4 0.0 1022.4005119999999 115.2
