Mango 48.523264000000005 46.850048 227.55532799999997 254.32678399999998
Mango 55.216128000000005 588.966912 334.640128 1008.941056
Mango 58.56256 657.568768 140.54912 757.960704
Mango 107.0848 868.391936 195.764224 978.823168
Mango 112.104448 592.313344 189.072384 680.993792
Mango 184.052736 814.850048 267.712512 908.5491199999999
Mango 189.072384 652.54912 294.483968 749.5946240000001
Mango 204.130304 891.81696 299.503616 1008.941056
Mango 245.960704 756.2874879999999 337.98656 853.332992
Mango 381.49017599999996 903.529472 468.496384 995.5553279999999
Mango 435.03308799999996 860.0258560000001 496.94105599999995 965.43744
Mango 458.457088 846.6401279999999 557.176832 973.8035199999999
Mango 652.54912 769.673216 719.4767360000001 851.659776
Mango 732.8624639999999 430.01344000000006 1002.248192 716.130304
