Mango 40.32 19.199808 227.84 152.96025600000002
Mango 46.72 177.92006399999997 310.4 350.720064
Mango 103.04 87.039936 316.16 200.320128
Mango 128.0 425.60006400000003 267.52 575.360064
Mango 284.16 395.520192 407.68 533.1202559999999
Mango 320.0 0.0 456.32 130.560192
Mango 351.36 127.359936 512.64 331.520256
Mango 397.44 324.479808 495.36 444.159936
Mango 436.48 7.039872 587.52 199.040256
Mango 458.88 4.4801280000000006 629.12 67.84012799999999
Mango 501.12 277.75987200000003 597.76 357.759936
Mango 507.52 424.32019199999996 672.64 555.5197440000001
Mango 621.44 30.719808000000004 824.96 201.6
Mango 731.52 429.440256 919.68 542.7198719999999
Mango 752.64 0.6399360000000001 936.32 124.160256
Mango 797.44 109.44 981.12 293.120064
Mango 803.84 336.63974399999995 949.76 450.559872
