0 0.198909090909 0.364727272728 0.09708926840160001 0.10676231476919998
0 0.23290909090900003 0.24054545454540002 0.0856414727644 0.09417397023480001
0 0.09272727272720001 0.722727272728 0.08309783538179998 0.10152989904979995
0 0.149090909091 0.709454545454 0.08309783538180002 0.09137690914480004
0 0.5469090909100001 0.548727272728 0.07478805184360005 0.0740152964074
0 0.6138181818180001 0.536727272728 0.06663615419279995 0.08955850865280002
0 0.6563636363640001 0.940363636364 0.0806297465732 0.08955850865280002
0 0.647272727272 0.996 0.0806297465732 0.07254239200880011
0 0.811636363636 0.9823636363639999 0.058779085251799985 0.05288340377439999
0 0.8322222222219999 0.790444444444 0.042635811255000024 0.055062784568199956
