0 0.1195238095238 0.1258095238096 0.062375704286400005 0.08630119173760002
0 0.344476190476 0.1193333333334 0.06861327471520003 0.09304217782419998
0 0.1854285714286 0.254571428572 0.0686132747152 0.09304217782419999
0 0.444476190476 0.5269523809519999 0.06861327471520003 0.09304217782419999
0 0.505428571428 0.5802857142860001 0.06861327471519997 0.09304217782420006
0 0.59019047619 0.44285714285800004 0.06861327471519997 0.08373796004180002
0 0.8138095238099999 0.2198095238096 0.06175194724359994 0.07536416403759998
0 0.710952380952 0.1569523809524 0.06175194724360006 0.07536416403760002
0 0.756 0.073294117647 0.07319012626359996 0.0793178510866
0 0.797176470588 0.058 0.07319012626359996 0.0793178510866
0 0.296 0.0415294117647 0.07319012626360001 0.0793178510866
0 0.1701176470588 0.1003529411764 0.07319012626360001 0.0793178510866
