0 0.465333333334 0.7613333333339999 0.12968059403580004 0.13774118776520003
0 0.31066666666599996 0.521333333334 0.1296805940358 0.13774118776520003
0 0.2226666666666 0.521333333334 0.12968059403580004 0.13774118776520003
0 0.26 0.452 0.12968059403580004 0.13774118776520003
0 0.64 0.2106666666666 0.12968059403580004 0.13774118776520003
0 0.892 0.776 0.12968059403580004 0.13774118776520003
0 0.9266666666660001 0.845333333334 0.12968059403580004 0.13774118776520003
0 0.828 0.9213333333339999 0.12968059403580004 0.13774118776520003
0 0.22378947368419996 0.228 0.09836601553299996 0.09836601553299999
0 0.379578947368 0.260631578948 0.09836601553299999 0.09836601553299996
