0 0.21411764705880001 0.44811764705800006 0.08058539041040001 0.06964559768520001
0 0.548 0.479176470588 0.05874674960920004 0.07661015745359998
0 0.692705882352 0.439176470588 0.05874674960920004 0.07661015745359998
0 0.683176470588 0.71305882353 0.08601111610279998 0.09269829051900001
0 0.879882352942 0.58705882353 0.06966900404319995 0.08342846146700003
0 0.966823529412 0.668470588236 0.05643189327499999 0.06757705378840001
0 0.860705882352 0.8082352941180001 0.075110849949 0.08176823508380004
0 0.7589411764699999 0.8597647058819999 0.05475580961280002 0.05960904337620002
0 0.02835294117648 0.7762352941180001 0.0536661690016 0.09600096044780003
0 0.45894117647 0.0335294117647 0.0536661690016 0.0629862301498
