0 0.376181818182 0.382 0.07734857976979999 0.08591399260219998
0 0.34018181818200005 0.473272727272 0.08508343774679997 0.09450539186239997
0 0.749272727272 0.6041818181819999 0.08508343774679997 0.09450539186239997
0 0.7878181818180001 0.697272727272 0.09359178152159996 0.10395593104860007
0 0.698727272728 0.263636363636 0.09359178152159996 0.0825286384968
0 0.501454545454 0.274545454546 0.07430073710620001 0.0825286384968
0 0.466181818182 0.20690909090899998 0.09889428108819999 0.07427577464720002
0 0.34018181818200005 0.7785454545460001 0.08549770664260001 0.08808520094540007
0 0.049272727272719995 0.7185454545459999 0.08549770664260001 0.08808520094539994
0 0.825272727272 0.1403636363636 0.07617845661859997 0.08808520094539998
0 0.96290909091 0.700363636364 0.06719625479880005 0.08808520094539994
