0 0.09094736842100001 0.0708421052632 0.0664917780546 0.069509592113
0 0.29094736842200003 0.2045263157894 0.06649177805459999 0.069509592113
0 0.33768421052599995 0.25631578947399997 0.0484725062018 0.06255863290160002
0 0.371157894736 0.288736842106 0.05865173250420003 0.06881449619180001
0 0.577263157894 0.1465263157894 0.06451690575459998 0.075695945811
0 0.632 0.12442105263159998 0.06451690575459998 0.075695945811
0 0.956421052632 0.27610526315799994 0.058065215179000006 0.06812635122999998
0 0.639578947368 0.7266315789480001 0.058065215179000006 0.06812635122999995
0 0.7058947368419999 0.6382105263160001 0.058065215179000006 0.06812635122999995
0 0.123052631579 0.70947368421 0.08501328154360001 0.08243288498820005
0 0.19105263157900002 0.63947368421 0.0619746822454 0.0600935731564
0 0.44705263157800007 0.9544210526319999 0.055777214020799985 0.05408421584079997
0 0.032315789473679996 1.013368421052 0.0557772140208 0.05408421584080009
0 0.741789473684 0.20589473684220003 0.055777214020799985 0.059492637424799995
0 0.681789473684 0.18915789473680003 0.055777214020799985 0.05354337368239999
