0 0.204 0.206 0.054832822088 0.06246505637320001
0 0.106 0.252 0.0585246556832 0.08314099003260003
0 0.222 0.46 0.0585246556832 0.08314099003260003
0 0.286 0.49 0.052672190114800004 0.07482689102940003
0 0.348 0.468 0.0521454682136 0.07407862211920002
0 0.292 0.436 0.0464616121784 0.06600405230820001
0 0.25 0.526 0.06184040580940001 0.08785139362220003
0 0.16 0.668 0.06802444639039999 0.09663653298439999
0 0.702 0.682 0.08785139362220003 0.09376633131819995
0 0.986 0.804 0.08785139362220003 0.113457260895
0 0.024 0.42 0.046687832478000006 0.0744393088732
0 0.426 0.182 0.04201904923019998 0.06699537798580002
