0 0.364 0.378 0.08999456654459999 0.09558838452600003
0 0.2173333333334 0.555333333334 0.08999456654459999 0.09558838452600003
0 0.43866666666599996 0.866 0.08999456654459999 0.09558838452600003
0 0.51 0.890666666666 0.10889342551899994 0.11566194527660002
0 0.786 0.696 0.08558393732900003 0.09090360257040003
0 0.624666666666 0.356 0.08558393732900003 0.09090360257040003
0 0.696666666666 0.32666666666599997 0.08558393732900003 0.09090360257040003
0 0.754 0.26266666666599997 0.06239069031279996 0.06626872627380001
0 0.662 0.293333333334 0.04548281323799995 0.04830990145359999
0 0.8766666666660001 0.598666666666 0.06053762441979996 0.06430047883479995
0 0.8646666666660001 0.612 0.06053762441979996 0.06430047883479995
0 0.8266666666660001 0.612666666666 0.049035475779999955 0.052083387856200036
0 0.8466666666660001 0.542 0.049035475779999955 0.052083387856200036
