0 0.8423636363639999 0.86309090909 0.053884676722999986 0.07063552263799999
0 0.444 0.43909090909000004 0.048496209050800015 0.06357197037420002
0 0.092 0.379272727272 0.0645484542466 0.06785220121039998
0 0.12854545454539998 0.483272727272 0.07100329967119999 0.07463742133139999
0 0.34981818181799995 0.415454545454 0.0575126727338 0.060456311278399996
0 0.531636363636 0.27909090908999995 0.0575126727338 0.060456311278400024
0 0.24454545454599996 0.5810909090899999 0.06326394000699997 0.06650194240639996
0 0.19709090909100002 0.584363636364 0.0569375460064 0.059851748165600044
0 0.38545454545400004 0.654545454546 0.04150747103859999 0.043631924412800005
0 0.358181818182 0.6763636363640001 0.04150747103859999 0.043631924412800005
0 0.32909090909000005 0.756363636364 0.04150747103859999 0.043631924412800005
0 0.494727272728 0.5383636363640001 0.04565821814260005 0.047995116854
0 0.505818181818 0.611454545454 0.04972179955719997 0.05226668225399999
0 0.596727272728 0.43690909090999996 0.049721799557200026 0.05226668225399999
