0 0.038380952380959996 0.18914285714280002 0.052731963404600006 0.06561844243340002
0 0.1648571428572 0.19942857142860002 0.047458767064 0.05905659819000002
0 0.049619047619 0.47171428571400004 0.047458767063999985 0.053150938370999996
0 0.09533333333340001 0.537428571428 0.047458767063999985 0.05315093837100005
0 0.599142857142 0.612666666666 0.04745876706399997 0.05315093837100005
0 0.646095238096 0.5756190476199999 0.05742510814759998 0.05846603220819998
0 0.662095238096 0.62419047619 0.051682597332800014 0.05846603220819998
0 0.9724761904760001 0.945142857142 0.04651433759940005 0.05846603220819998
0 0.648095238096 0.954 0.061910583344999964 0.07074389897180003
0 0.8014285714280001 0.71019047619 0.061910583344999964 0.07074389897180003
