0 0.8449230769239999 0.09030769230760001 0.05761993455920003 0.0786567133998
0 0.8309230769239999 0.1487692307692 0.0697201208166 0.07865671339979999
0 0.7673846153839999 0.1155384615384 0.06630314117440003 0.06938230032279999
0 0.552615384616 0.057076923077 0.05967282705679997 0.06938230032279998
0 0.40276923077 0.2047692307692 0.06564010976259999 0.06938230032279998
0 0.242 0.208 0.0473731236168 0.056199663261599996
0 0.566923076924 0.555538461538 0.06242309125860004 0.06800159254640005
0 0.8981538461539998 0.738461538462 0.0679787463806 0.08228192698119995
0 0.48892307692400006 0.824615384616 0.0679787463806 0.08228192698120006
0 0.40892307692400004 0.8753846153839999 0.0679787463806 0.08228192698120006
0 0.267538461538 0.687384615384 0.05506278456820002 0.06664836085479998
0 0.277846153846 0.912615384616 0.04955650611139999 0.05998352476920002
0 0.30707692307599993 0.963384615384 0.04955650611139999 0.05998352476920002
0 0.63476923077 0.9941538461539999 0.04955650611140004 0.0599835247691999
0 0.7584444444439999 0.9704444444439999 0.04838373928639999 0.05268989208280004
