0 0.238952380952 0.512761904762 0.0398983468852 0.05932645477400001
0 0.352285714286 0.620285714286 0.0398983468852 0.05339380929660001
0 0.867714285714 0.49838095238 0.047794229733799966 0.05339380929659995
0 0.841333333334 0.443238095238 0.0578310179778 0.058145858324000016
0 0.9413333333339999 0.508285714286 0.05668018071999995 0.07035648857220002
0 0.9436190476199999 0.213619047619 0.07544132053839997 0.09364448628940002
0 0.874476190476 0.33761904762 0.04949705040519996 0.06144014745459998
0 0.967047619048 0.625714285714 0.05811259559840005 0.08177683626199996
0 0.765142857142 0.1780952380952 0.057531469642599975 0.0809590678994
0 0.580476190476 0.071238095238 0.0632846166068 0.0721345294984
0 0.42104761904800003 0.307238095238 0.04521640924479999 0.0649210765486
0 0.272666666666 0.273904761904 0.05471185518619998 0.06492107654859998
0 0.26473684210599996 0.36031578947400006 0.060945833552199985 0.06840160892520003
