0 0.13466666666660002 0.896857142858 0.058385597009800005 0.07155459476459998
0 0.1025714285714 0.9492380952380001 0.0706465723818 0.07155459476459998
0 0.44514285714199997 0.805238095238 0.056651486392999974 0.06311759249600005
0 0.48161904762 0.882571428572 0.06854829853559995 0.0694293517456
0 0.53838095238 0.828 0.05552412181379998 0.05623777491379997
0 0.661428571428 0.9483809523800001 0.06107653399519995 0.07485247841039995
0 0.625238095238 0.36533333333400003 0.06107653399519995 0.06736723056940003
0 0.730952380952 0.27580952380999996 0.06107653399519995 0.0673672305694
0 0.5571428571420001 0.1582857142858 0.040072313954200016 0.049110711084999994
0 0.49361904762000003 0.1718095238096 0.05333624987299999 0.059423960413
0 0.918476190476 0.385142857142 0.0586698748604 0.05942396041299997
0 0.671523809524 0.206 0.047522598636800015 0.0534815643716
