0 0.07866666666660001 0.8446666666660001 0.06746186008140001 0.07988737014419996
0 0.1164761904762 0.45580952380999995 0.054644106665999996 0.06470876981679999
0 0.297428571428 0.42819047619 0.05464410666600003 0.06470876981679999
0 0.33638095238 0.357142857142 0.04820102004899997 0.0416105609416
0 0.38161904762 0.38428571428599995 0.0705711134536 0.06092202227460001
0 0.47161904762 0.544285714286 0.0514463417078 0.06092202227459995
0 0.32761904762 0.5385714285719999 0.0416715367832 0.06092202227459995
0 0.8204761904760001 0.38361904762 0.060401184034399986 0.072248705578
0 0.857333333334 0.48038095238 0.04892495906780005 0.058521451518199964
0 0.976952380952 0.489904761904 0.03566629516039996 0.05852145151820003
0 0.9826666666660001 0.572761904762 0.03209966564440003 0.05852145151820003
0 0.27505882353000005 0.028 0.05856399999999999 0.05856399999999999
0 0.8565882352939999 0.02435294117648 0.05270759999999996 0.04743684
