0 0.1862352941176 0.2198823529412 0.07950463825939999 0.11016147519000004
0 0.340352941176 0.0475294117647 0.07950463825939999 0.0892307949038
0 0.71094117647 0.08635294117640001 0.07950463825939993 0.0892307949038
0 0.7297647058819999 0.152705882353 0.07950463825939993 0.0981538743942
0 0.2043529411764 0.44917647058800003 0.08745510208520002 0.0981538743942
0 0.118705882353 0.7428235294119999 0.070838632689 0.08833848695480004
0 0.1288235294118 0.8062352941180001 0.06375476942020002 0.07950463825939993
0 0.37588235294199995 0.6662352941180001 0.06375476942020003 0.07950463825939993
0 0.41823529411800003 0.627411764706 0.06375476942020003 0.07950463825940006
0 0.495764705882 0.670823529412 0.051641363230400035 0.06439875699000004
