0 0.797684210526 0.309263157894 0.0895147363282 0.09174610838940003
0 0.7558947368419999 0.1296842105264 0.07975763006839998 0.07431434779539998
0 0.18515789473680003 0.629263157894 0.08773339307520002 0.08992036083239997
0 0.18263157894739998 0.5421052631580001 0.0639576435518 0.08092832474920005
0 0.450842105264 0.727263157894 0.07035340790700002 0.08724963619540006
0 0.611263157894 0.9669473684219999 0.05585223382260006 0.057244486307800005
0 0.92547368421 0.098947368421 0.07285997068580002 0.08171831884000001
0 0.55652631579 0.7781052631580001 0.053114918630000035 0.07281102208640004
0 0.522 0.77547368421 0.04732539249939998 0.053079235100999995
0 0.490105263158 1.005894736842 0.056967115006599955 0.056928843505000035
