0 0.656 0.0693333333334 0.07283549227419997 0.082945659662
0 0.16866666666660002 0.106 0.0473094928164 0.0538764408312
0 0.9533333333339999 0.0833333333334 0.0746761822912 0.0765376673788
0 0.954 0.286666666666 0.07101630632340004 0.07278656011979999
0 0.71 0.616 0.08592973065139994 0.08807173774499995
0 0.498 0.764666666666 0.06960308182760003 0.0854559190622
0 0.43466666666599996 0.7966666666660001 0.0757977561102 0.10033052930040003
0 0.562 0.898666666666 0.061396182449400045 0.08126772873339996
0 0.352 0.9093333333339999 0.07428938076359998 0.09833395176739998
0 0.278 0.9866666666660001 0.07136208274699998 0.06451690575459998
0 0.957333333334 0.9033333333339999 0.07390458275879996 0.10979193005319997
0 0.792 0.828 0.06584898323799995 0.09782460967739996
0 0.655333333334 0.738 0.07967726971800004 0.08629010995040005
