0 0.555333333334 0.1273333333334 0.07972841748860003 0.08468411951040002
0 0.468 0.0833333333334 0.06458001816579997 0.0685941368034
0 0.2213333333334 0.32733333333400005 0.0645800181658 0.06859413680340003
0 0.25866666666599997 0.45533333333400006 0.0645800181658 0.06859413680340003
0 0.316 0.44866666666599997 0.06458001816579997 0.06859413680340003
0 0.340666666666 0.7346666666660001 0.08595600417859998 0.0912987960854
0 0.554 0.674666666666 0.06962436338459997 0.07395202482920002
0 0.5206666666659999 0.7813333333339999 0.07658679972319998 0.08134722731199998
0 0.618 0.7653333333339999 0.07658679972319998 0.08134722731199998
0 0.967333333334 0.458666666666 0.07658679972319998 0.08134722731199998
0 0.8233333333339999 0.1786666666666 0.06892811975079996 0.07321250458079999
