0 0.512 0.246 0.04643039845680005 0.05451215672260003
0 0.222 0.726 0.04643039845679999 0.06595970963440004
0 0.294 0.802 0.03723253652239998 0.052893091155799994
0 0.462 0.92 0.03723253652239998 0.052893091155799994
0 0.906 0.764 0.04955650611140004 0.052893091155799994
0 0.712 0.974 0.04955650611140004 0.052893091155799994
0 0.542 0.642 0.05451215672260003 0.05818240027139995
0 0.556 0.588 0.05451215672260003 0.05818240027139995
0 0.546 0.518 0.044154846945200006 0.05818240027139995
0 0.594 0.802 0.044154846945200006 0.047127744219799976
0 0.916 0.102 0.044154846945200006 0.0627270275566
0 0.944 0.062 0.044154846945200006 0.04115520277979999
