0 0.0647368421052 0.44452631579 0.06045570643939999 0.069904974272
0 0.11621052631579999 0.6967368421060001 0.06650127708339999 0.08458501886919999
0 0.07410526315780001 0.7841052631580001 0.06650127708339999 0.08458501886919999
0 0.500421052632 0.715052631578 0.06650127708339994 0.06851386528399996
0 0.1614736842106 0.875789473684 0.06650127708339999 0.08290177699380001
0 0.228 0.9275789473680001 0.059851149374999975 0.07461159929439998
0 0.25747368421 0.942315789474 0.059851149374999975 0.07461159929439998
0 0.592210526316 0.880210526316 0.059851149374999975 0.07461159929439998
0 0.623789473684 0.8286315789480001 0.059851149374999975 0.07461159929439998
0 0.7995789473680001 0.577052631578 0.059851149374999975 0.07461159929439998
0 0.95452631579 0.553157894736 0.04847943099379995 0.060435395428400054
0 0.6986315789480001 0.452842105264 0.05332737409319998 0.07312682846839999
0 0.594315789474 0.436842105264 0.05866011150240001 0.08043951131519998
