0 0.14057142857139998 0.62180952381 0.067997712597 0.07813033751440003
0 0.312 0.5694285714280001 0.06799771259700003 0.07813033751440003
0 0.436 0.45057142857199994 0.07479748385660002 0.08594337126580001
0 0.465523809524 0.847714285714 0.07479748385659997 0.08594337126580001
0 0.39476190476199996 0.901047619048 0.060585961924 0.08594337126580001
0 0.29380952381 0.9464761904760001 0.060585961924 0.0758097883598
0 0.875047619048 0.9363809523800001 0.07330901392800002 0.09172984391540001
0 0.9285714285719999 0.35161904762 0.08063991532080002 0.09172984391540001
0 0.958857142858 0.20209523809520002 0.07257592378859999 0.09172984391540001
0 0.967047619048 0.397333333334 0.05878649826879996 0.09172984391540001
