0 0.045523809523799995 0.4225714285719999 0.0743486986388 0.06848146607260003
0 0.0988571428572 0.46838095238 0.0743486986388 0.07532961268000002
0 0.1582857142858 0.5468571428580001 0.089961925353 0.09114883134259998
0 0.29238095238 0.393523809524 0.08096573281759999 0.09114883134259998
0 0.349333333334 0.47238095238 0.0728691595358 0.08203394820839997
0 0.49695238095199995 0.49523809523800005 0.07286915953579995 0.08203394820840003
0 0.645523809524 0.38666666666599997 0.0728691595358 0.08203394820840003
0 0.721523809524 0.3874285714280001 0.0655822435824 0.07383055338759999
0 0.7034285714280001 0.317904761904 0.0655822435824 0.07383055338759999
0 0.968952380952 0.474476190476 0.05784944124159995 0.08933496959899997
