0 0.49842105263199993 0.2221052631578 0.06152762924880005 0.08101987462760002
0 0.55947368421 0.1804210526316 0.06152762924880005 0.0656260984484
0 0.768631578948 0.465894736842 0.07444843139099999 0.09608317073819996
0 0.7338947368419999 0.578842105264 0.07444843139099999 0.08647485366440003
0 0.7549473684219999 0.5956842105260001 0.07444843139099999 0.08647485366440003
0 0.44042105263199993 0.703263157894 0.06700358825199998 0.07782736829800001
0 0.570947368422 0.951263157894 0.06700358825199998 0.09417111564059996
0 0.341052631578 0.84947368421 0.043961054252 0.04053757741239997
0 0.405263157894 0.8902105263160001 0.043961054252 0.053955515536000004
0 0.40505263157800003 0.941789473684 0.0483571596772 0.053955515536000004
0 0.478 0.9748421052639998 0.039169299338600014 0.03933357082559996
