0 0.043764705882360005 0.03235294117648 0.0666809516192 0.06187064550439999
0 0.0741176470588 0.1822352941176 0.0806839514594 0.06805771005479999
0 0.0837647058824 0.23588235294200002 0.065354000682 0.06063941965880002
0 0.41282352941199996 0.0908235294118 0.07188940075020002 0.0667033616248
0 0.65894117647 0.372235294118 0.052407373147000044 0.048626750624400014
0 0.7409411764699999 0.383647058824 0.057648110461600025 0.05348942568699999
0 0.122705882353 0.7649411764699999 0.0767296350244 0.06472220508120007
0 0.1881176470588 0.813294117648 0.06905667152199998 0.07831386814819996
0 0.22176470588240002 0.875647058824 0.062151004369800006 0.07831386814819996
0 0.826705882352 0.829176470588 0.04485500136379994 0.05651990178120002
0 0.850235294118 0.889882352942 0.04485500136379994 0.05086791160320001
0 0.1330588235294 0.9636470588239999 0.05427455165020001 0.05595470276339995
