0 0.505333333334 0.36266666666599995 0.08291527941239997 0.08806906812139999
0 0.44666666666599997 0.19 0.07462375147119997 0.0792621613092
0 0.692666666666 0.30533333333400003 0.060445238691600026 0.06420235066039999
0 0.678666666666 0.494 0.04896064334020002 0.052003904035000006
0 0.594666666666 0.704666666666 0.06516661628580005 0.06921719627059997
0 0.6426666666659999 0.754 0.06516661628580005 0.06921719627059997
0 0.532 0.7553333333339999 0.06516661628580005 0.06921719627059997
0 0.548666666666 0.8366666666660001 0.08673676627659996 0.09212808823600005
0 1.0 0.347333333334 0.05690799235400004 0.060445238691600026
0 0.1253333333334 0.456666666666 0.056907992354 0.060445238691600026
0 0.816315789474 0.716105263158 0.06376387743939994 0.07014026518340007
0 0.8111578947360001 0.560315789474 0.05738748969539995 0.07014026518340007
0 0.024210526315780002 0.7992631578939999 0.041835479988 0.10851046078360002
