0 0.1510476190476 0.25152380952400005 0.06666493508699999 0.08555309332800001
0 0.38695238095199996 0.1795238095238 0.053998597420599995 0.062368205036000005
0 0.51961904762 0.45 0.06533830287879999 0.062368205036000005
0 0.5681904761900001 0.435714285714 0.06533830287880005 0.062368205036000005
0 0.61961904762 0.65980952381 0.06533830287880005 0.07546552809360003
0 0.859714285714 0.755238095238 0.07187213316680004 0.08301208090299997
0 0.51019047619 0.819047619048 0.07187213316680004 0.08301208090299997
0 0.44066666666599996 0.8038095238099999 0.07187213316679998 0.08301208090299997
0 0.35685714285799996 0.794285714286 0.07187213316679998 0.08301208090299997
0 0.221619047619 0.966952380952 0.07187213316679998 0.0544642262804
0 0.0625714285714 0.62180952381 0.07187213316680001 0.07974107369720002
0 0.379714285714 0.869428571428 0.07187213316679998 0.07974107369720002
