0 0.1903157894736 0.45463157894800005 0.09135740414120003 0.08497956802039999
0 0.57347368421 0.1291578947368 0.08953939179880001 0.09347752482260002
0 0.61452631579 0.18494736842099999 0.08953939179880001 0.09347752482260001
0 0.69052631579 0.21884210526319997 0.08058545261879999 0.08412977234020003
0 0.8035789473680001 0.02915789473684 0.06527421662120003 0.055197543632399995
0 0.9246315789480001 0.665684210526 0.06527421662120003 0.06612113751740004
0 0.90252631579 0.72252631579 0.06527421662120003 0.06612113751740004
0 0.8151578947360001 0.8981052631580001 0.06527421662120003 0.07273325126899999
0 0.82452631579 0.9766315789480001 0.07180163828339994 0.051967391625600046
0 0.760736842106 0.276421052632 0.05234339430859995 0.05659248948039999
