0 0.6177647058819999 0.13941176470580002 0.05296262639300005 0.063316147824
0 0.7708235294119999 0.21447058823520002 0.06408477793559995 0.07661253886700001
0 0.24705882353 0.29694117647 0.04204602280359998 0.05026548675060002
0 0.1630588235294 0.811294117648 0.07448709420400002 0.07212918453839995
0 0.761764705882 0.738352941176 0.06311530852160001 0.07321250458079999
0 0.959882352942 0.6656470588240001 0.06942683937380002 0.0974458435972
0 0.90894117647 0.6043529411759999 0.07410127209919995 0.08424547969540004
0 0.6675294117639999 0.510352941176 0.05137231831700001 0.058405010832799975
0 0.492235294118 0.857529411764 0.051372318316999954 0.07067006310780005
0 0.358222222222 0.939555555556 0.07338713865800002 0.09060140575059995
