0 0.0644761904762 0.21028571428580003 0.0684457625382 0.0754701033122
0 0.1140952380952 0.1895238095238 0.07529033879199999 0.0830171136436
0 0.053904761904799994 0.25238095238 0.0677613049128 0.0830171136436
0 0.319047619048 0.42238095238 0.08117126715519998 0.10045070750860004
0 0.366095238096 0.366476190476 0.058582115218599996 0.07249628011600004
0 0.358952380952 0.306476190476 0.07797279535580003 0.07249628011600004
0 0.355142857142 0.24866666666599999 0.0764211367282 0.0877204989404
0 0.3989523809519999 0.18295238095240002 0.0764211367282 0.0877204989404
0 0.416476190476 0.1042857142858 0.055711008675000014 0.06394824372760001
0 0.890285714286 0.254571428572 0.07340983902079995 0.09362662364160002
0 0.902857142858 0.53838095238 0.04334777584339997 0.055285584994000034
0 0.89019047619 0.737428571428 0.06842276714679997 0.09599274469160002
0 0.9699047619039999 0.919047619048 0.0568230708264 0.12397155502559996
0 0.611142857142 0.637333333334 0.06875591569999995 0.0885767958678
0 0.16476190476200003 0.754476190476 0.08319465799699999 0.0885767958678
0 0.0988571428572 0.7859047619039999 0.0748751921974 0.0885767958678
0 0.02780952380952 0.5268571428580001 0.049125613600600006 0.08857679586780005
0 0.01980952380952 0.1213333333334 0.0358125723148 0.05811523576879999
0 0.05 0.970352941176 0.0630960165386 0.05880961060660002
0 0.178 0.039882352941180005 0.07634618001159998 0.071159628834
