0 0.22771428571419997 0.362476190476 0.08698648513539999 0.10499374084020002
0 0.1313333333334 0.44657142857199994 0.076729908673 0.07654043707260001
0 0.18428571428579998 0.48238095238 0.1011062333594 0.10187532174359995
0 0.853333333334 0.391904761904 0.08107708853079998 0.1018753217436
0 0.892952380952 0.47695238095199993 0.06567244171000004 0.07426710955100004
0 0.7877142857139999 0.5291428571419999 0.047875210006600014 0.06684039859600005
0 0.883238095238 0.23780952381 0.057349714067000034 0.07134068910900002
0 0.280666666666 0.275333333334 0.06939315402100002 0.08632223382179999
0 0.03625 0.8115 0.06037415999999999 0.09018856000000006
0 0.03825 0.9225 0.066411576 0.12004097335999996
