0 0.6908571428579999 0.608476190476 0.05663939375979999 0.07645868279700005
0 0.1415238095238 0.7819047619039999 0.0678483297848 0.08243087051040004
0 0.23580952381 0.860952380952 0.06784832978480003 0.08243087051040004
0 0.7015238095240001 0.689523809524 0.06784832978480006 0.08243087051040004
0 0.719523809524 0.7426666666660001 0.06106349680619996 0.07418778345939996
0 0.755714285714 0.8036190476199999 0.06106349680619996 0.07418778345939996
0 0.9652380952380001 0.700761904762 0.06106349680619996 0.07418778345939996
0 0.9374285714280001 0.330095238096 0.05495714712560004 0.0667690051134
0 0.34780952380999997 0.47742857142800005 0.04946143241300001 0.05408289414180001
0 0.299238095238 0.468857142858 0.04946143241300001 0.05408289414180001
0 0.898285714286 0.098380952381 0.04946143241300001 0.054082894141799995
0 0.921047619048 0.9742857142860001 0.04451528917179996 0.04380714425480005
0 0.40929411764800006 0.388588235294 0.07175775085520002 0.076218017874
