0 0.0518823529412 0.334117647058 0.05579595951920001 0.08048209062440002
0 0.0754117647058 0.35294117647 0.055795959519199995 0.08048209062439997
0 0.1370588235294 0.200705882353 0.061375555471200015 0.07243388156200001
0 0.1542352941176 0.431529411764 0.055237999924000004 0.05867144406519998
0 0.2241176470588 0.421411764706 0.06076179991640001 0.0645385884716
0 0.308470588236 0.595176470588 0.06683797990800003 0.07099244731880003
0 0.581294117648 0.698588235294 0.053597376088200005 0.056928843505000035
0 0.6271764705880001 0.702117647058 0.053597376088200005 0.056928843505000035
0 0.701294117648 0.6762352941180001 0.053597376088200005 0.056928843505000035
0 0.7024705882360001 0.831529411764 0.053597376088200005 0.056928843505000035
0 0.926823529412 0.575882352942 0.058957113697200046 0.06262172785539996
0 0.94094117647 0.479411764706 0.058957113697200046 0.06262172785539996
