0 0.692666666666 0.314 0.11065730339620006 0.11753546101479997
0 0.782 0.67 0.11065730339619995 0.11753546101480003
0 0.344 0.446 0.06404172466379998 0.0680223844386
0 0.342 0.32666666666599997 0.062767294343 0.0666687389882
0 0.29866666666599995 0.30066666666599995 0.05084150841780002 0.05400167858039998
0 0.24666666666599998 0.262 0.05084150841779998 0.05400167858039998
0 0.196 0.2046666666666 0.05084150841780002 0.05400167858039998
0 0.2226666666666 0.16466666666660001 0.05084150841780002 0.05400167858039998
0 0.672 0.122 0.06767004770419999 0.0718762341906
0 0.7248421052639998 0.645578947368 0.056283290747199996 0.06810278180399996
0 0.641684210526 0.6866315789480001 0.056283290747199996 0.06810278180399996
