0 0.59 0.35125 0.06290161730240004 0.08139537183979996
0 0.7155 0.3645 0.05661145557220004 0.0659302511902
0 0.8445 0.367 0.04585527901340004 0.06461823919159997
0 0.6725 0.51525 0.061033376366799987 0.07108006311079998
0 0.64075 0.872 0.0671367140036 0.08600687636399994
0 0.24625 0.819 0.06042304260319997 0.06966556985479996
0 0.3665 0.404 0.04894266450859999 0.05078620042419999
0 0.36575 0.254 0.06514268646099998 0.05078620042419999
0 0.49075 0.10275 0.04748901842999999 0.05078620042419999
0 0.51975 0.03225 0.052237920272999984 0.055864820466600004
0 0.22825 0.211 0.04701412824580001 0.05586482046660001
0 0.2055 0.47575 0.056887095177399996 0.06759643276459996
0 0.57875 0.96975 0.06011006831259999 0.05420557943400001
0 0.76375 0.3295 0.08000650092399997 0.06558875111499998
