0 0.1022105263158 0.29347368421 0.07890382579660002 0.08895776467540002
0 0.713157894736 0.04547368421052 0.06391209889540005 0.0720557893872
0 0.760631578948 0.26589473684200005 0.05752088900579997 0.0583651894036
0 0.716421052632 0.36168421052599997 0.05752088900579997 0.058365189403600026
0 0.5626315789480001 0.5853684210519999 0.0632729779064 0.07768406709620002
0 0.18663157894739998 0.799894736842 0.069600275697 0.08545247380579997
0 0.370210526316 0.8728421052639999 0.09263796695259999 0.11373724263539998
0 0.48389473684199996 0.8391578947360001 0.09263796695260004 0.11373724263539998
0 0.635157894736 0.898947368422 0.06753307790860004 0.08291444988119998
0 0.7882105263160001 0.781578947368 0.049231613795399996 0.060444633963399955
