0 0.84125 0.07475 0.06044334946280003 0.072547649792
0 0.928 0.05675 0.05983891596800004 0.058763596331400006
0 0.891 0.153 0.05385502437119999 0.05817596036819998
0 0.67575 0.3925 0.06516457948920004 0.063353620841
0 0.7785 0.768 0.052255476292399974 0.057018258756800035
0 0.828 0.76025 0.05748102392160001 0.06899209309579998
0 0.783 0.7415 0.05748102392160001 0.06899209309579998
0 0.564 0.675 0.05173292152939996 0.06209288378619999
0 0.5545 0.73625 0.04655962937660001 0.06209288378619999
0 0.733 0.0475 0.05843726429160006 0.0619846967894
0 0.708 0.74525 0.05785289164860001 0.06818316646819994
