0 0.1423636363636 0.252 0.0524345895224 0.06637001273840003
0 0.11545454545459999 0.26545454545400005 0.0634458533222 0.0803077154134
0 0.1821818181818 0.46127272727199997 0.051391141191 0.07155417443340002
0 0.231636363636 0.5616363636359999 0.05653025530999997 0.0787095918768
0 0.30454545454599996 0.790727272728 0.062183280841 0.07792249595800001
0 0.73090909091 0.831818181818 0.08276594679940001 0.10371484211999996
0 0.59490909091 0.437272727272 0.09104254147940002 0.1026776936988
0 0.512 0.28509090908999996 0.06570631261100005 0.07410351831939997
0 0.501454545454 0.24109090909 0.07227694387220003 0.0660262348226
0 0.49690909090999996 0.2043636363636 0.052689892082799984 0.05942361134039999
0 0.386 0.26345454545400004 0.052689892082799984 0.079092826694
0 0.95890909091 0.442 0.05795888129100001 0.0870021093634
0 0.98 0.506363636364 0.042252024461199994 0.06342453772599999
