0 0.37 0.722315789474 0.062137737828199986 0.072429490408
0 0.32136842105200003 0.620421052632 0.06835151161099998 0.0651865413672
0 0.2005263157894 0.614315789474 0.0615163604498 0.05866788723039997
0 0.14715789473680002 0.619578947368 0.049828251964399994 0.0580812083582
0 0.1238947368422 0.61947368421 0.05481107716080001 0.06388932919399996
0 0.23652631579000002 0.756315789474 0.054811077160799984 0.06388932919399996
0 0.1103157894736 0.9143157894739999 0.04932996944479998 0.057500396274600005
0 0.13484210526319998 0.8367368421060001 0.0399572752502 0.04657532098239994
0 0.1051578947368 0.85 0.047864820022199994 0.06137183470519995
0 0.575684210526 0.492105263158 0.04786482002219998 0.0613718347052
0 0.805789473684 0.507157894736 0.06370807544959996 0.08985450319200004
0 0.914736842106 0.418736842106 0.08394749393920006 0.08985450319199999
0 0.923894736842 0.6098947368419999 0.05507795077360004 0.06484889349859997
0 0.7425263157900001 0.24778947368400003 0.06664432043600005 0.06484889349859997
