0 0.04336842105264 0.258 0.0754781536338 0.07931465329360003
0 0.054947368421059996 0.03221052631578 0.07547815363380002 0.057820382251
0 0.1596842105264 0.069052631579 0.05502357399899998 0.057820382251
0 0.107052631579 0.04063157894736 0.05502357399899999 0.05782038225100001
0 0.337578947368 0.22578947368419996 0.05502357399900001 0.06360242047619996
0 0.35 0.28978947368400004 0.060525931399 0.06996266252380003
0 0.332 0.343263157894 0.06657852453880002 0.07695892877620003
0 0.2183157894736 0.56747368421 0.06657852453879999 0.07695892877619998
0 0.24378947368400003 0.56452631579 0.05992067208499998 0.06926303589840006
0 0.243368421052 0.65052631579 0.0725040132228 0.0838082734372
0 0.550736842106 0.0991578947368 0.07250401322280003 0.0754274460934
0 0.618 0.10842105263159998 0.0789568703996 0.08214048879579999
0 0.6009473684219999 0.660842105264 0.08685255743959999 0.09035453767540003
