0 0.256842105264 0.16894736842100003 0.08272298681620001 0.10355656416799998
0 0.293684210526 0.276315789474 0.08272298681620001 0.10355656416799999
0 0.188947368421 0.42947368421 0.06030505738899999 0.08388081697619998
0 0.1517894736842 0.49557894736800007 0.07296911944060003 0.09134620968700005
0 0.461263157894 0.380842105264 0.07296911944060003 0.091346209687
0 0.525684210526 0.362105263158 0.06501548542159998 0.08138947283120002
0 0.55747368421 0.395157894736 0.058513936879400034 0.06592547299320001
0 0.581789473684 0.36063157894799996 0.05266254319159998 0.059332925693999984
0 0.589157894736 0.350105263158 0.05266254319159998 0.059332925693999984
0 0.6784210526319999 0.345578947368 0.06372167726179999 0.07179284008960002
0 0.564210526316 0.1951578947368 0.08396541691100004 0.1051118971752
0 0.820210526316 0.053578947368420005 0.07556887522 0.085140636712
0 0.6744210526319999 0.294 0.0550897100354 0.06896391573660003
