0 0.8515789473680001 0.044 0.12293004054059997 0.08999183863620001
0 0.491157894736 0.0801052631578 0.09957333283779997 0.11739553239399998
0 0.584842105264 0.10431578947360001 0.09957333283779997 0.11739553239399998
0 0.5582105263159999 0.2194736842106 0.10953066612159995 0.1420485941968
0 0.516947368422 0.363684210526 0.07984785560260002 0.10355342516939998
0 0.336105263158 0.386842105264 0.07186307004240002 0.1025178909178
0 0.36747368421 0.259157894736 0.0790493770466 0.11276968000959997
0 0.280315789474 0.1505263157894 0.07114443934200003 0.082209096727
0 0.29726315789400004 0.032 0.06402999540780002 0.06658936834880001
0 0.855684210526 0.6833684210519999 0.12477634696400003 0.15544410486979995
0 0.9424210526319999 0.664 0.10896332821459999 0.1709885153568
0 1.0361052631580001 0.668210526316 0.1089633282146001 0.1709885153568
0 0.7813684210519999 0.71652631579 0.06906932158359996 0.0937978441258
0 0.764736842106 0.688315789474 0.06216238942519999 0.08441805971320002
