0 0.426 0.610666666666 0.05335398473520001 0.05667032360600001
0 0.386 0.6133333333340001 0.05335398473520001 0.05667032360600001
0 0.358 0.564 0.05335398473520001 0.05667032360600001
0 0.2213333333334 0.682 0.06455832152959999 0.06857109156340005
0 0.07733333333339999 0.5953333333340001 0.06455832152959999 0.06857109156340005
0 0.04733333333334 0.7506666666660001 0.07811556905080001 0.08297102079160004
0 0.505333333334 0.75 0.056946249838199944 0.060485874157199984
0 0.476666666666 0.7733333333339999 0.04612646236879999 0.048993558067199953
0 0.409333333334 0.29666666666599995 0.05073910860579997 0.053892913873999984
0 0.31933333333400005 0.278666666666 0.045665197745199976 0.04850362248659999
0 0.19 0.2013333333334 0.045665197745200004 0.04850362248659999
0 0.9778947368419999 0.673157894736 0.04020050112060005 0.060659192363199964
