0 0.175619047619 0.112761904762 0.0578759749866 0.05837503839819999
0 0.5565714285719999 0.1184761904762 0.0578759749866 0.05837503839819999
0 0.618571428572 0.13390476190480002 0.0636635724852 0.06421254223799998
0 0.1728571428572 0.5672380952380001 0.0636635724852 0.06421254223799996
0 0.232571428572 0.5745714285719999 0.05156749371300003 0.052012159212800044
0 0.44828571428599995 0.851142857142 0.068636334132 0.06922818391220005
0 0.691047619048 0.686285714286 0.06659776637200002 0.06717203762179998
0 0.6725714285719999 0.684 0.088641627041 0.08940598207459993
0 0.684952380952 0.5668571428579999 0.088641627041 0.08940598207460004
0 0.794476190476 0.5801904761900001 0.088641627041 0.08940598207459993
0 0.9256190476199999 0.562285714286 0.07977746433699998 0.098346580282
