0 0.262 0.41561904762 0.04662104865520001 0.056897903876399994
0 0.353428571428 0.43942857142800007 0.04662104865520001 0.056897903876399994
0 0.415333333334 0.384 0.046154838168600006 0.05069603235400001
0 0.453523809524 0.41742857142800005 0.05077032198540002 0.05576563558940001
0 0.46961904762 0.38590476190399997 0.04569328978699997 0.05018907203039998
0 0.5348571428580001 0.46723809523800003 0.06689954557699997 0.06680165487239997
0 0.667523809524 0.46276190476199996 0.03950351266780001 0.03944570918559998
0 0.9722857142860001 0.49742857142800007 0.03950351266780001 0.05250223892600002
0 0.7002857142860001 0.19514285714280002 0.09314721648139994 0.07686852801159998
0 0.35076190476200003 0.1538095238096 0.05500249986 0.0622635076894
0 0.7223809523800001 0.314 0.06050274984600003 0.06848985845840003
0 0.5374117647059999 0.05082352941176001 0.05928400227359998 0.0642474593802
