0 0.644 0.108 0.051235959154400004 0.0671408476098
0 0.5853333333340001 0.1093333333334 0.051235959154400004 0.06714084760979999
0 0.403333333334 0.5973333333340001 0.0681950616346 0.07311638304719997
0 0.808 0.898666666666 0.08251602457779995 0.10597919945499995
0 0.9306666666660001 0.8406666666660001 0.06683797990799997 0.09538127950959994
0 0.74 0.9413333333339999 0.058367542560200034 0.06612514621720005
0 0.5953333333340001 0.904 0.06356225384799996 0.07201028423060006
0 0.124 0.972 0.05606762849680001 0.05093632844160004
0 0.308 0.306 0.04362525558160001 0.05382215725160001
0 0.357333333334 0.282666666666 0.051218745657400006 0.05170134950559998
0 0.8546666666660001 0.1866666666666 0.033604619025800045 0.033921255410599996
