0 0.653333333334 0.39133333333400006 0.09067617348700002 0.10964445933859997
0 0.7573333333339999 0.586 0.09067617348700002 0.10964445933859997
0 0.04133333333334 0.24866666666599999 0.06544190116740001 0.07913150274940003
0 0.27 0.314 0.07198609128399999 0.09479162714339998
0 0.2166666666666 0.30733333333400004 0.07198609128399999 0.09479162714339998
0 0.29933333333400003 0.136 0.07918470041239999 0.10427078985780003
0 0.336 0.2153333333334 0.057725646600599985 0.07601340580620002
0 0.374 0.1613333333334 0.06914955206299998 0.0910564588154
0 0.680666666666 0.052 0.06914955206299998 0.08924443528499999
0 0.8326666666660001 0.09333333333339999 0.06914955206299998 0.089244435285
0 0.588 0.31266666666599996 0.08367095799620006 0.08659378631260001
0 0.570666666666 0.236666666666 0.0677734759768 0.0701409669132
0 0.17066666666660002 0.082 0.07455082357460001 0.0771550636044
0 0.978 0.376 0.0440215158126 0.10742643093039998
0 0.49866666666599996 0.52 0.08240519041079995 0.09618299313040006
0 0.38333333333400005 0.252 0.047691118012 0.08149894086799998
