0 0.291142857142 0.1545714285714 0.05136446642139998 0.05264485041180001
0 0.041428571428572 0.42771428571400005 0.08272298681620001 0.08478505803680002
0 0.1108571428572 0.505428571428 0.09712189797559999 0.11060321889320004
0 0.359142857142 0.310285714286 0.04645310272379999 0.0529011767266
0 0.5571428571420001 0.41971428571400005 0.06182907972539999 0.07041146622319996
0 0.6557142857139999 0.45542857142800003 0.06182907972539999 0.07041146622320002
0 0.6885714285719999 0.38257142857199994 0.06182907972539999 0.07041146622320002
0 0.6968571428579999 0.16942857142860002 0.06801198769799999 0.07745261284559998
0 0.9602857142860001 0.257428571428 0.07406505460300002 0.09278048492760002
0 0.531428571428 0.027428571428572 0.04373467409260002 0.054785948545
0 0.0808571428572 0.0634285714286 0.0582108512172 0.06629099773939999
0 0.1757142857142 0.590571428572 0.060284796990800006 0.08735098481119996
0 0.442 0.8154285714280001 0.047380365370599975 0.07075429769699997
0 0.28371428571400004 0.758571428572 0.03837809595020002 0.0636788679274
0 0.40742857142800004 0.795428571428 0.07440067086340002 0.09182182077820004
