0 0.177052631579 0.03515789473684 0.072262983367 0.0673538227328
0 0.5241052631580001 0.1105263157894 0.08743820987420002 0.08149812550660002
0 0.6424210526319999 0.2012631578948 0.07082494999799996 0.073348312956
0 0.73252631579 0.2101052631578 0.08569818949759997 0.0976266045444
0 0.7331578947360001 0.40347368420999996 0.06247398014379996 0.07116979471280001
0 0.412842105264 0.38831578947400003 0.07559351597400002 0.0861154516026
0 0.562315789474 0.538842105264 0.07559351597399995 0.08611545160260005
0 0.5938947368419999 0.638842105264 0.07559351597399995 0.08611545160260005
0 0.5257894736840001 0.669789473684 0.06123074793879999 0.06975351579820005
0 0.299368421052 0.770631578948 0.06735382273279998 0.07672886737800001
0 0.26252631579 0.84852631579 0.06735382273279998 0.07672886737800001
0 0.0604210526316 0.676947368422 0.06735382273280001 0.07672886737800001
0 0.9031578947360002 0.79652631579 0.08149812550659999 0.09284192952720002
