0 0.09285714285720001 0.702476190476 0.060101151952 0.06733226334899996
0 0.1138095238096 0.709142857142 0.060101151951999984 0.06733226334899996
0 0.0909523809524 0.7700952380960001 0.06010115195199999 0.06733226334899996
0 0.04142857142858 0.7977142857139999 0.060101151952 0.06733226334899996
0 0.351047619048 0.7940952380960001 0.0661112671472 0.074065489684
0 0.602 0.453714285714 0.08799409657299997 0.0985811667694
0 0.698476190476 0.421333333334 0.09679350623039999 0.0985811667694
0 0.52180952381 0.322761904762 0.0784027400466 0.07985074508320003
0 0.5368571428580001 0.214 0.07056246604200003 0.07186567057479999
0 0.647904761904 0.1679047619048 0.0939186423018 0.09565320753520003
0 0.47123809523800003 0.17409523809520003 0.07456022566920001 0.0759372640512
0 0.21571428571419998 0.19380952380959998 0.06039378279199999 0.061509183881599996
0 0.1404761904762 0.1491428571428 0.06039378279199999 0.06766010226960001
