0 0.19866666666660002 0.5146666666659999 0.09176013327700003 0.09746369409420004
0 0.044 0.1573333333334 0.09176013327700001 0.0974636940942
0 0.2106666666666 0.242 0.06689313715899999 0.07105103299479998
0 0.30666666666599995 0.11866666666659999 0.0979382421144 0.1040258174076
0 0.578666666666 0.09466666666660001 0.09793824211440005 0.10402581740759999
0 0.5266666666659999 0.05866666666666 0.09793824211440005 0.1040258174076
0 0.924 0.068 0.10773206632580001 0.1144283991484
0 0.554 0.702666666666 0.07853667635160003 0.08341830297920001
0 0.9913333333339999 0.5386666666659999 0.0785366763515999 0.08341830297920001
0 0.942 0.9273333333339999 0.09502937838540004 0.1009361466048
