0 0.31917647058799997 0.644470588236 0.07634618001159998 0.09616829223980006
0 0.29517647058799995 0.719647058824 0.06871156201039998 0.08655146301579998
0 0.36658823529400003 0.7389411764699999 0.07558271821159997 0.09520660931739997
0 0.45705882353 0.623882352942 0.0612220017514 0.07711735354719997
0 0.06882352941179999 0.736823529412 0.0612220017514 0.07711735354719997
0 0.2095294117648 0.9123529411760001 0.05509980157620001 0.06246505637320001
0 0.38611764705800006 0.939529411764 0.06667075990720002 0.07558271821159997
0 0.503764705882 0.035176470588236 0.06667075990719996 0.0680244463904
0 0.918117647058 0.5197647058820001 0.08873878143640002 0.09959459196020004
0 0.936705882352 0.355294117648 0.06469057166720006 0.0806716194878
