0 0.07823529411760001 0.1042352941176 0.0603253245962 0.0745007390308
0 0.09647058823520001 0.176 0.0802930070376 0.0745007390308
0 0.10776470588239999 0.325176470588 0.0722637063338 0.09014589422720001
0 0.1955294117648 0.27317647058800004 0.06503733570039998 0.06571635689159999
0 0.1250588235294 0.38082352941200004 0.07869517619760001 0.08746847102279998
0 0.0758823529412 0.411411764706 0.06374309271999999 0.08746847102280003
0 0.028 0.418470588236 0.057368783448000005 0.08746847102279998
0 0.0709411764706 0.5184705882359999 0.0763578507694 0.08746847102279998
0 0.20764705882360002 0.572352941176 0.06184985912319999 0.06376451537560002
0 0.248823529412 0.691647058824 0.06184985912319999 0.07014096691320003
0 0.03823529411764 0.592823529412 0.061849859123200006 0.07014096691320003
0 0.05776470588239999 0.607647058824 0.0556648732108 0.06312687022180001
0 0.0648235294118 0.7123529411759999 0.0556648732108 0.06312687022180001
0 0.951176470588 0.549764705882 0.06061904692660005 0.0763835129684
