0 0.7971578947360001 0.0601052631578 0.06979687571260001 0.078505531241
0 0.292315789474 0.2062105263158 0.0928996415736 0.12643394311879996
0 0.14494736842100003 0.09357894736840001 0.09289964157359999 0.1264339431188
0 0.1784210526316 0.047052631578948005 0.10015603257679999 0.0921703445336
0 0.324631578948 0.403157894736 0.06505524924399998 0.08212377697939996
0 0.23336842105259997 0.71052631579 0.09524739041799998 0.12023742187560003
0 0.26852631579 0.664842105264 0.07715038623859999 0.09739231171919994
0 0.309578947368 0.694105263158 0.07715038623859999 0.10713154289120007
0 0.1912631578948 0.882947368422 0.0933519673488 0.12962916689839996
0 0.03715789473684 0.02 0.06805358419719999 0.040679006135
