0 0.094 0.412 0.0640867205274 0.062183280841
0 0.588 0.762 0.06408672052739996 0.062183280841000055
0 0.622 0.862 0.05767804847460002 0.06771759283580002
0 0.58 0.914 0.08276594679940001 0.08030771541340005
0 0.678 0.858 0.06704041690739995 0.06504924948500002
0 0.728 0.784 0.06704041690739995 0.08658055106439996
0 0.782 0.736 0.05375971031819995 0.06311722172600003
0 0.926 0.718 0.04354536535759996 0.061861189013599986
0 0.798 0.95 0.08233724257719996 0.08441805971320002
0 0.906444444444 0.973111111112 0.06699537798580002 0.047867721903799974
0 0.742222222222 0.9722222222219999 0.060295840187200044 0.043080949713399944
