0 0.267047619048 0.372952380952 0.058294728385399994 0.06768078974920001
0 0.22704761904759999 0.369142857142 0.058294728385399994 0.06768078974920001
0 0.02485714285714 0.509523809524 0.047218729992200004 0.08189375559640001
0 0.025809523809519997 0.6758095238099999 0.047218729992200004 0.06633394203299997
0 0.2170476190476 0.301142857142 0.0760462368396 0.08829047684599999
0 0.354285714286 0.32533333333400005 0.08365086052359999 0.10683147698379997
0 0.451714285714 0.19990476190479997 0.09201594657599997 0.11751462468200001
0 0.621714285714 0.17838095238100002 0.07453291672659998 0.09518684599259998
0 0.9097142857139999 0.300571428572 0.09018482923919999 0.10470553059180003
0 0.903047619048 0.39961904762 0.09018482923919999 0.10470553059180003
0 0.918285714286 0.47295238095199993 0.09018482923919999 0.10470553059180003
0 0.1421904761904 0.688095238096 0.05325323981739999 0.061827568759199945
0 0.18219047619040002 0.6852380952380001 0.05325323981739999 0.061827568759199945
0 0.22504761904759998 0.6995238095240001 0.05325323981740002 0.061827568759199945
0 0.271714285714 0.6814285714280001 0.05325323981740002 0.061827568759199945
0 0.303904761904 0.665047619048 0.04792791583560001 0.05564481188319997
0 0.36571428571400005 0.622095238096 0.0431351242522 0.05008033069479995
0 0.522 0.567904761904 0.047448636677400034 0.05508836376440002
0 0.5638095238099999 0.614476190476 0.042703773009600016 0.04957952738799997
0 0.73619047619 0.6135238095240001 0.042703773009600016 0.04957952738799997
