0 0.48882352941199997 0.414 0.060720979079199995 0.07060099905039999
0 0.6229411764699999 0.356352941176 0.060720979079199995 0.07060099905039999
0 0.606470588236 0.28223529411799997 0.060720979079199995 0.07060099905040002
0 0.6429411764699999 0.425764705882 0.060720979079199995 0.07060099905039999
0 0.6742352941180001 0.26764705882400003 0.054648881171400036 0.06354089914520003
0 0.7554117647060001 0.27117647058800004 0.054648881171400036 0.06354089914520003
0 0.7237647058819999 0.05564705882352 0.06612514621720005 0.07688448796580001
0 0.9717647058819999 0.0974117647058 0.04338470843319999 0.056048791726999996
0 0.719176470588 0.8456470588239999 0.07685865745659999 0.09929385352079999
0 0.505294117648 0.5143529411760001 0.06225551253980001 0.06514669729500003
0 0.1185882352942 0.48882352941199997 0.05884914648979999 0.06094583355220004
0 0.036588235294119996 0.5377647058820001 0.0529642318408 0.054851250196999955
