0 0.14123809523799996 0.28685714285799996 0.094615506153 0.09066284685319996
0 0.643142857142 0.21219047619040002 0.05586951022820005 0.0734369059512
0 0.6974285714280001 0.20628571428580003 0.05586951022820005 0.066093215356
0 0.752571428572 0.38219047619 0.049779733613400025 0.05353550443839998
0 0.781142857142 0.380285714286 0.049779733613400025 0.05353550443839998
0 0.80019047619 0.40980952380999996 0.049779733613400025 0.05353550443839998
0 0.792857142858 0.47295238095199993 0.060233477672200025 0.06477796037039997
0 0.344095238096 0.61780952381 0.05421012990500003 0.07125575640739999
0 0.238857142858 0.605714285714 0.035567266230599984 0.04207581160099994
0 0.475523809524 0.504285714286 0.05207403448819997 0.06160319576499995
0 0.42504761904800004 0.49761904762 0.05207403448819997 0.06160319576499995
0 0.41171428571400004 0.468095238096 0.05207403448819997 0.06160319576500001
0 0.539333333334 0.283333333334 0.05207403448820003 0.06160319576499998
0 0.436823529412 0.0395294117647 0.0782755917174 0.0744393088732
