0 0.41231578947400005 0.1437894736842 0.0939670813266 0.09677836687680003
0 0.9426315789480001 0.1654736842106 0.10336378945939999 0.11477149762479999
0 0.769684210526 0.384421052632 0.11370016840519998 0.11477149762480002
0 0.45621052631599995 0.40631578947400004 0.06713881244160001 0.08366842176839998
0 0.308631578948 0.47031578947400005 0.07385269368579998 0.09111491130580003
0 0.5037894736840001 0.507684210526 0.09731495594280005 0.10914655225339999
0 0.509894736842 0.5926315789480001 0.10491622715160002 0.12006120747860007
0 0.6330526315780001 0.6442105263160001 0.10491622715159997 0.12006120747860007
0 0.41736842105199995 0.629789473684 0.10386706487999998 0.10805508673079998
0 0.440736842106 0.683789473684 0.09254555480799996 0.09724957805780002
0 0.30252631579 0.915684210526 0.06746570945500002 0.08752462025199997
0 0.255578947368 0.95547368421 0.08889889069179997 0.09531431145440002
0 0.490736842106 0.9348421052639999 0.07200810146040004 0.07720459227800007
0 0.47442105263199996 0.8991578947360002 0.052493905964600004 0.07566822089180004
0 0.27978947368400003 0.1773684210526 0.051968966905000004 0.0612912589222
