0 0.1656842105264 0.7671578947360002 0.06492750811319999 0.08903387480460004
0 0.24778947368400003 0.6378947368419999 0.06492750811319996 0.08013048732419997
0 0.22852631578939997 0.8690526315780001 0.0785622848168 0.09695788966219993
0 0.4264210526319999 0.45010526315800004 0.0785622848168 0.0969578896622
0 0.376947368422 0.15484210526319997 0.0785622848168 0.07853589062640001
0 0.53 0.0601052631578 0.06363545070160001 0.0785358906264
0 0.5958947368419999 0.318631578948 0.07699889534900001 0.095028427658
0 0.559789473684 0.375263157894 0.05051897523859998 0.06234815138639999
0 0.748631578948 0.280842105264 0.07396483164660003 0.09128392844480002
0 0.9471578947360001 0.45294736842199995 0.08860247182959995 0.11045355341819998
