0 0.8606153846160001 0.41892307692400005 0.07262885830480002 0.0840090221172
0 0.64876923077 0.1163076923076 0.07830189842699997 0.09057096683480001
0 0.59923076923 0.0555384615384 0.06216238942519999 0.07190256972180001
0 0.502307692308 0.027538461538461997 0.06216238942519999 0.0524169733272
0 0.142923076923 0.16753846153840002 0.054832822088 0.052416973327199995
0 0.5855384615379999 0.71276923077 0.088308808301 0.08441805971320002
0 0.39707692307599995 0.9689230769239999 0.07081483337660001 0.06769484208400002
0 0.276307692308 0.927538461538 0.05162401353160001 0.054832822087999944
0 0.370153846154 0.523692307692 0.05059669566219998 0.07298248619920003
0 0.40711111111199993 0.527555555556 0.05485125019700001 0.06704041690740002
0 0.2864444444440001 0.1782222222222 0.06637001273839999 0.0722769438722
