0 0.1589523809524 0.76961904762 0.0779085022876 0.08635124483159996
0 0.357047619048 0.6972380952380001 0.07790850228760002 0.08635124483159996
0 0.398 0.40923809523800003 0.07790850228760002 0.06994450831360001
0 0.723714285714 0.621428571428 0.07790850228759996 0.10240575462200002
0 0.771714285714 0.629047619048 0.09426928776800003 0.10240575462200002
0 0.470476190476 0.8412380952380001 0.04057983729419999 0.05442261664199998
0 0.500095238096 0.859333333334 0.044637821023600054 0.05442261664199998
0 0.43838095238 0.908 0.05401176343859999 0.059266229523199966
0 0.61780952381 0.684476190476 0.06936984033900001 0.07023784744880004
0 0.87161904762 0.876571428572 0.05057061360700004 0.05689265643340002
0 0.849714285714 0.848952380952 0.05057061360700004 0.05689265643340002
