0 0.375894736842 0.33452631579000003 0.07923793383880001 0.0902064965252
0 0.1825263157894 0.27073684210599996 0.06418272640939998 0.07306726218540001
0 0.328 0.27621052631599996 0.05776445376840002 0.06576053596700002
0 0.0733684210526 0.34568421052599996 0.0930302304386 0.10590800078000001
0 0.1478947368422 0.366210526316 0.0610371341908 0.0857854806318
0 0.317368421052 0.44452631579 0.06103713419079997 0.06948623931179998
0 0.28263157894799995 0.48557894736800006 0.0610371341908 0.06948623931179998
0 0.1784210526316 0.43357894736800007 0.0604267628488 0.0840783495672
0 0.22589473684220002 0.453157894736 0.05922427026819997 0.06129311683460003
0 0.0758947368422 0.522736842106 0.078827503727 0.09871317759319999
0 0.0481052631579 0.82852631579 0.09538127950959999 0.11944294488779997
0 0.2386315789474 0.8011578947360001 0.09538127950959997 0.11944294488779997
0 0.1166315789474 0.816105263158 0.0506895225638 0.0705298645268
0 0.08715789473680001 0.925789473684 0.05018262733819999 0.06347687807420005
0 0.256631578948 0.874 0.050182627338199975 0.06982456588159994
0 0.291578947368 0.592210526316 0.04064792814399999 0.05655789836400004
0 0.262105263158 0.640631578948 0.04064792814400002 0.05655789836400004
0 0.28631578947400005 0.641684210526 0.04064792814399999 0.05655789836400004
0 0.654842105264 0.7135789473680001 0.03658313532959994 0.04581189767479998
0 0.722210526316 0.7093684210519999 0.03658313532959994 0.04581189767479998
0 0.9495789473680001 0.754631578948 0.03658313532959994 0.04581189767479998
0 0.858 0.7451578947360001 0.03658313532960005 0.04581189767479998
0 0.7148421052639999 0.244105263158 0.03658313532960005 0.045811897674800005
