0 0.5605 0.5955 0.07775130958800003 0.09879463947320005
0 0.651 0.563 0.09407908460160001 0.11954151376260005
0 0.3995 0.536 0.06654664960640003 0.11254596223680005
0 0.27275 0.4665 0.0696137217928 0.09160609577540003
0 0.499 0.08425 0.0696137217928 0.0799967728124
0 0.8945 0.1045 0.08423260336939996 0.10647570461319998
0 0.53375 0.728 0.061405567856200036 0.07762078866299998
0 0.507 0.74925 0.044764658967200034 0.056585554935399955
0 0.48925 0.64975 0.05958176108539999 0.07531537361899995
0 0.78675 0.11 0.07930332400459997 0.10024476228679999
0 0.579111111112 0.695111111112 0.05682459063600004 0.07015381560000003
