0 0.286736842106 0.053052631578948004 0.14710952485519999 0.1070987967958
0 0.39305263157799997 0.082 0.1072428436194 0.12574060507299997
0 0.39073684210599996 0.2393684210526 0.1554441048698 0.14762723986759999
0 0.7910526315780001 0.515368421052 0.10198687720500005 0.09685823207719994
0 0.9191578947360001 0.500736842106 0.11218556492560003 0.09588964975639994
0 0.30547368421 0.7033684210519999 0.11218556492559997 0.15443123982919996
0 0.4224210526319999 0.676 0.14931898691599998 0.15443123982919996
0 0.390842105264 0.8275789473680001 0.14931898691599998 0.15443123982919996
0 0.12031578947359998 0.954210526316 0.10885354146180003 0.10030911308739997
0 0.06136842105264 1.012105263158 0.10885354146180001 0.10030911308739997
0 0.43189473684199997 0.023052631578947998 0.10885354146180004 0.047977537831400005
