0 0.507263157894 0.07557894736840001 0.04431023883560005 0.04993947342880001
0 0.510315789474 0.02936842105264 0.048253850091799964 0.044945526086
0 0.449368421052 0.10115789473680001 0.04682066249019999 0.039249539114000004
0 0.7368421052639998 0.657578947368 0.042138596241200046 0.05224113656079999
0 0.97747368421 0.393368421052 0.05608647159719999 0.05224113656079999
0 0.90852631579 0.409157894736 0.036798334014800045 0.05224113656079999
0 0.884421052632 0.405157894736 0.033118500613399986 0.047017022904800004
0 0.39452631579 0.505894736842 0.0480039087806 0.05632169173760002
0 0.373684210526 0.4324210526319999 0.04234376789620001 0.05068952256379998
0 0.1852631578948 0.427157894736 0.04234376789620001 0.05068952256379998
0 0.264105263158 0.6049473684219999 0.04657814468579997 0.055758474820200035
0 0.0692631578948 0.598421052632 0.05123595915439998 0.061334322302200005
