0 0.672 0.20333333333339998 0.05926228850580003 0.06294587150199998
0 0.6 0.235333333334 0.05926228850580003 0.06294587150200001
0 0.828 0.340666666666 0.05926228850580003 0.06294587150199998
0 0.496 0.406 0.05926228850580003 0.06294587150199998
0 0.372 0.51 0.05926228850580003 0.06294587150200004
0 0.248 0.55 0.05926228850580003 0.06294587150200004
0 0.050666666666599997 0.49133333333400003 0.0592622885058 0.06294587150200004
0 0.470666666666 0.1326666666666 0.05926228850580003 0.062945871502
0 0.084 0.355333333334 0.0592622885058 0.06294587150199998
0 0.304947368422 0.029263157894740002 0.05244208033839999 0.051917659535
