0 0.35854545454599995 0.45290909091 0.09122351496060002 0.08630330079980002
0 0.348727272728 0.5121818181819999 0.07389104711819999 0.06990567364780002
0 0.57890909091 0.484363636364 0.059851748165600044 0.0566235956548
0 0.6461818181819999 0.51890909091 0.059851748165600044 0.0566235956548
0 0.8916363636360001 0.940727272728 0.059851748165600044 0.05662359565479994
0 0.535636363636 0.8681818181819999 0.06583692298220006 0.06228595522019998
0 0.20690909090899998 0.921272727272 0.0724206152804 0.06851455074219996
0 0.334 0.86690909091 0.07169640912760002 0.07536600581640004
0 0.255818181818 0.921454545454 0.07169640912759999 0.07536600581640004
0 0.901272727272 0.432363636364 0.07169640912759996 0.07536600581639999
