0 0.06666666666660001 0.384 0.04286190837760001 0.0502657820256
0 0.0991428571428 0.548857142858 0.047148099215399995 0.055292360228000006
0 0.0677142857142 0.5745714285719999 0.04714809921540001 0.055292360228000006
0 0.10304761904760001 0.659523809524 0.051862909136999986 0.060821596250799984
0 0.02857142857142 0.7259047619039999 0.042008956401 0.04926549296320002
0 0.02085714285714 0.7479047619039999 0.0378080607608 0.054192042259600046
0 0.034285714285720005 0.8230476190480001 0.041588866837 0.04877283803360001
0 0.287428571428 0.952761904762 0.07367721452259997 0.059015134020600046
0 0.5574285714280001 0.870857142858 0.053710689387 0.059015134020600046
0 0.778476190476 0.727333333334 0.05908175832560005 0.07140831216499999
0 0.38476190476199995 0.42980952381 0.0430706018194 0.05205665956820002
0 0.719294117648 0.0663529411764 0.04926669693259998 0.051287634364199995
0 0.5290588235299999 0.947882352942 0.04434002723939994 0.046158870927799966
0 0.40670588235199995 0.29023529411800003 0.044340027239400004 0.04615887092780002
