0 0.17575 0.07925 0.06739562738360001 0.09791243433559998
0 0.3085 0.23425 0.0733938382206 0.09693330999220001
0 0.171 0.72325 0.0733938382206 0.1066266409914
0 0.58725 0.53575 0.07339383822059994 0.1066266409914
0 0.67075 0.35575 0.0660544543986 0.08636757920319997
0 0.962 0.44075 0.0660544543986 0.08636757920319997
0 0.63075 0.70875 0.08445413994479997 0.10345972312740002
0 0.51025 0.791 0.06840785335539999 0.09311375081460005
0 0.50475 0.861 0.073751190781 0.09311375081460005
0 0.242 0.84725 0.06637607170280001 0.09218261330660005
0 0.17575 0.91 0.06637607170280001 0.10140087463719999
0 0.1155 0.7745 0.05914107988719999 0.06652911384940001
0 0.02375 0.82175 0.042255881677800006 0.097405275587
0 0.02775 0.75675 0.050618320661800005 0.097405275587
0 0.0205 0.644 0.0369007557624 0.1296464218062
0 0.39025 0.0285 0.06838487069999996 0.055808533481400004
