0 0.749428571428 0.13657142857139998 0.056029961285800026 0.0771809937292
0 0.725714285714 0.1697142857142 0.08121313165540005 0.0694628943564
0 0.596 0.41342857142800005 0.0532839356792 0.06739977693100002
0 0.610285714286 0.7062857142860001 0.0532839356792 0.06739977693100002
0 0.6808571428579999 0.809714285714 0.03884398911000005 0.0491344373828
0 0.695142857142 0.8382857142860001 0.05687148445599996 0.07193772977200001
0 0.7014285714280001 0.788 0.06255863290160005 0.07913150274939994
0 0.46828571428599997 0.6777142857139999 0.05067249265039999 0.06409651722700005
0 0.35028571428599997 0.46542857142800004 0.055739741915399973 0.0705061689496
0 0.4225714285719999 0.5485714285719999 0.0501657677238 0.06345555205460005
0 0.238571428572 0.28828571428599997 0.040634271856400006 0.05139899716420001
0 0.38085714285800004 0.359142857142 0.05889771105059998 0.0677279445734
0 0.37 0.2154285714286 0.04250706704239997 0.048879934878
0 0.306 0.0465714285714 0.0344307243042 0.0395927472512
