0 0.418 0.19 0.06424295736659996 0.0815250551858
0 0.18 0.306 0.06424295736659999 0.0815250551858
0 0.112 0.346 0.06424295736659999 0.0815250551858
0 0.146 0.4 0.06424295736659999 0.0815250551858
0 0.266 0.77 0.05203679546699999 0.06603529470060004
0 0.132 0.808 0.062964522515 0.07990270658760006
0 0.058 0.922 0.062964522515 0.07191243592900003
0 0.602 0.792 0.06788268136859994 0.07752951629940003
0 0.634 0.906 0.06788268136859994 0.07752951629940003
0 0.528 0.472 0.06788268136859994 0.07752951629940003
0 0.784 0.818 0.04948647471779998 0.05651901738219999
