0 0.42578947368400005 0.1564210526316 0.0609961283792 0.05738806383799999
0 0.1583157894736 0.0657894736842 0.06709574121720001 0.06312687022180001
0 0.27936842105200005 0.24452631579 0.06642478380499997 0.06874516167159998
0 0.1712631578948 0.876210526316 0.05380407488199998 0.06737713295440005
0 0.1217894736842 0.8088421052639999 0.05380407488200001 0.06737713295439994
0 0.7470526315780001 0.07842105263159999 0.05380407488200001 0.0606394196588
0 0.7574736842099999 0.553052631578 0.05918448237020004 0.06670336162479998
0 0.834315789474 0.7286315789480001 0.05859263754660003 0.07337369778720006
0 0.81052631579 0.711157894736 0.04271403277139996 0.05943269520759998
0 0.873578947368 0.694105263158 0.04698543604860004 0.06537596472840004
0 0.9713684210519999 0.727052631578 0.050655468458199945 0.05295453142999997
0 0.966105263158 0.6986315789480001 0.050655468458199945 0.05295453142999997
0 0.9797894736839999 0.6733684210519999 0.050655468458199945 0.05295453142999997
