0 0.393368421052 0.13094736842100002 0.09237327753599998 0.10767288371120001
0 0.05863157894736 0.10168421052639999 0.092373277536 0.09690559534000003
0 0.16494736842100002 0.504631578948 0.092373277536 0.10659615487399998
0 0.0663157894736 0.54252631579 0.0831359497824 0.10553019332539998
0 0.379789473684 0.588105263158 0.09144954476059997 0.09402740225280001
0 0.43263157894800003 0.41989473684199996 0.12171934407639998 0.12515047239860003
0 0.453263157894 0.2163157894736 0.09859266870200002 0.10035816381639998
0 0.636421052632 0.322421052632 0.09760674201500001 0.11039398019800001
0 0.928210526316 0.9518947368419999 0.12991457362180006 0.11039398019800001
0 0.16284210526319998 0.946105263158 0.09470772417039999 0.08941912396040004
0 0.107052631579 0.464 0.09470772417039999 0.08941912396040004
