0 0.299272727272 0.439636363636 0.06710599789460002 0.07529007027760003
0 0.352 0.519636363636 0.06710599789460002 0.07529007027760003
0 0.39509090909 0.5681818181819999 0.05435585829460001 0.06098495692480003
0 0.34836363636400003 0.6850909090899999 0.0657705885364 0.073791797879
0 0.286181818182 0.675636363636 0.05919352968279998 0.06641261809119998
0 0.47890909091 0.6774545454540001 0.05919352968279998 0.06641261809119998
0 0.53890909091 0.670181818182 0.05919352968280003 0.06641261809119998
0 0.760727272728 0.54109090909 0.05919352968279998 0.06641261809120004
0 0.963636363636 0.644 0.04315208313879998 0.048414798588400004
0 0.53 0.398 0.06254717527419996 0.07797251727460003
0 0.42218181818199996 0.30090909090999995 0.05066321197220003 0.06315773899239997
0 0.367636363636 0.31545454545400003 0.05066321197220003 0.06315773899240003
0 0.0872727272728 0.556727272728 0.041037201697399994 0.05115776858380002
