0 0.9675789473680001 0.03515789473684 0.07466250533200003 0.0664572652412
0 0.572842105264 0.10294736842100001 0.07466250533200003 0.08845462003620001
0 0.74 0.1448421052632 0.08212875586500001 0.09730008203979999
0 0.8621052631580001 0.28063157894799995 0.08212875586500001 0.0973000820398
0 0.9170526315780001 0.45673684210599996 0.07391588027859995 0.08757007383579997
0 0.6117894736839999 0.6522105263160001 0.07391588027859995 0.09632708121940005
0 0.27978947368400003 0.324631578948 0.08943821513699998 0.10595978934120001
0 0.0997894736842 0.34252631579000004 0.08943821513700001 0.10490019144780001
0 0.06484210526315999 0.659157894736 0.09838203665080002 0.11539021059260006
0 0.03326315789474 0.709157894736 0.058093608822 0.09346607057999995
0 0.514842105264 0.80547368421 0.077322593342 0.11309394540179994
