0 0.4230769230769231 0.390625 0.08653846153846154 0.0889423076923077
0 0.6274038461538461 0.30528846153846156 0.07451923076923077 0.07211538461538461
0 0.21033653846153846 0.23197115384615385 0.052884615384615384 0.07211538461538461
0 0.5492788461538461 0.6177884615384616 0.038461538461538464 0.036057692307692304
0 0.6177884615384616 0.6021634615384616 0.038461538461538464 0.036057692307692304
0 0.7247596153846154 0.5180288461538461 0.028846153846153848 0.02403846153846154
0 0.6983173076923077 0.5216346153846154 0.028846153846153848 0.02403846153846154
0 0.6153846153846154 0.5024038461538461 0.028846153846153848 0.02403846153846154
0 0.453125 0.5733173076923077 0.028846153846153848 0.02403846153846154
0 0.5889423076923077 0.4639423076923077 0.02403846153846154 0.02403846153846154
0 0.75 0.46634615384615385 0.02403846153846154 0.02403846153846154
0 0.7908653846153846 0.4182692307692308 0.02403846153846154 0.02403846153846154
0 0.8413461538461539 0.3605769230769231 0.02403846153846154 0.02403846153846154
0 0.8894230769230769 0.38822115384615385 0.02403846153846154 0.02403846153846154
0 0.9170673076923077 0.40384615384615385 0.02403846153846154 0.02403846153846154