0 0.7283653846153846 0.1502403846153846 0.07932692307692307 0.09134615384615384
0 0.6790865384615384 0.21394230769230768 0.06009615384615385 0.07932692307692307
0 0.6418269230769231 0.25600961538461536 0.06971153846153846 0.0889423076923077
0 0.44471153846153844 0.17427884615384615 0.07932692307692307 0.09615384615384616
0 0.3894230769230769 0.16947115384615385 0.07932692307692307 0.09615384615384616
0 0.057692307692307696 0.41225961538461536 0.06971153846153846 0.09134615384615384
0 0.3449519230769231 0.7632211538461539 0.06971153846153846 0.0889423076923077
0 0.2848557692307692 0.6959134615384616 0.06971153846153846 0.0889423076923077
0 0.8665865384615384 0.5961538461538461 0.10336538461538461 0.10576923076923077
0 0.8004807692307693 0.5480769230769231 0.07692307692307693 0.07932692307692307
0 0.5240384615384616 0.9302884615384616 0.0673076923076923 0.06971153846153846
0 0.27403846153846156 0.28125 0.0673076923076923 0.07932692307692307
0 0.33774038461538464 0.24759615384615385 0.0673076923076923 0.06971153846153846