0 0.8545673076923077 0.3449519230769231 0.08173076923076923 0.10336538461538461
0 0.5576923076923077 0.38100961538461536 0.08173076923076923 0.10336538461538461
0 0.4699519230769231 0.47475961538461536 0.08173076923076923 0.10336538461538461
0 0.45072115384615385 0.49278846153846156 0.08173076923076923 0.10336538461538461
0 0.5552884615384616 0.06370192307692307 0.11778846153846154 0.1201923076923077
0 0.44471153846153844 0.08533653846153846 0.1201923076923077 0.08413461538461539
0 0.33052884615384615 0.14302884615384615 0.11778846153846154 0.1201923076923077
0 0.31971153846153844 0.2608173076923077 0.11778846153846154 0.1201923076923077
0 0.21514423076923078 0.8028846153846154 0.10576923076923077 0.11778846153846154
0 0.3016826923076923 0.7271634615384616 0.10576923076923077 0.11778846153846154
0 0.24639423076923078 0.3401442307692308 0.10576923076923077 0.11057692307692307