0 0.9182692307692307 0.5204326923076923 0.04807692307692308 0.0625
0 0.9086538461538461 0.36177884615384615 0.055288461538461536 0.06971153846153846
0 0.9411057692307693 0.3293269230769231 0.055288461538461536 0.06971153846153846
0 0.9182692307692307 0.2512019230769231 0.06009615384615385 0.07451923076923077
0 0.9879807692307693 0.16947115384615385 0.019230769230769232 0.06490384615384616
0 0.9915865384615384 0.0733173076923077 0.01201923076923077 0.06009615384615385
0 0.7740384615384616 0.019230769230769232 0.08653846153846154 0.038461538461538464
0 0.49399038461538464 0.140625 0.06009615384615385 0.07451923076923077
0 0.2536057692307692 0.33533653846153844 0.0673076923076923 0.0889423076923077
0 0.6057692307692307 0.5432692307692307 0.04807692307692308 0.06490384615384616
0 0.2247596153846154 0.9735576923076923 0.06009615384615385 0.04807692307692308
0 0.53125 0.05889423076923077 0.04807692307692308 0.055288461538461536
0 0.5637019230769231 0.6887019230769231 0.04807692307692308 0.055288461538461536