0 0.8269230769230769 0.40384615384615385 0.05048076923076923 0.06971153846153846
0 0.6201923076923077 0.3112980769230769 0.06009615384615385 0.07932692307692307
0 0.5997596153846154 0.3016826923076923 0.06009615384615385 0.07932692307692307
0 0.6057692307692307 0.17908653846153846 0.0625 0.09375
0 0.5673076923076923 0.18509615384615385 0.055288461538461536 0.07692307692307693
0 0.5168269230769231 0.23798076923076922 0.06971153846153846 0.09134615384615384
0 0.5384615384615384 0.26322115384615385 0.04807692307692308 0.07451923076923077
0 0.4519230769230769 0.27283653846153844 0.0625 0.0889423076923077
0 0.4098557692307692 0.23557692307692307 0.0625 0.09375
0 0.4170673076923077 0.21514423076923078 0.057692307692307696 0.0889423076923077
0 0.23317307692307693 0.03485576923076923 0.04567307692307692 0.06971153846153846
0 0.1971153846153846 0.03365384615384615 0.04807692307692308 0.0673076923076923
0 0.21995192307692307 0.008413461538461538 0.04567307692307692 0.016826923076923076
0 0.23197115384615385 0.01201923076923077 0.040865384615384616 0.02403846153846154