0 0.53125 0.17307692307692307 0.08413461538461539 0.08413461538461539
0 0.484375 0.22716346153846154 0.07451923076923077 0.08413461538461539
0 0.5877403846153846 0.33653846153846156 0.0673076923076923 0.07451923076923077
0 0.9831730769230769 0.29927884615384615 0.028846153846153848 0.09375
0 0.3713942307692308 0.44350961538461536 0.07451923076923077 0.08173076923076923
0 0.3016826923076923 0.49038461538461536 0.06971153846153846 0.07932692307692307
0 0.6911057692307693 0.47475961538461536 0.06009615384615385 0.06490384615384616
0 0.8293269230769231 0.7415865384615384 0.055288461538461536 0.06009615384615385
0 0.84375 0.8377403846153846 0.055288461538461536 0.06009615384615385
0 0.8653846153846154 0.7836538461538461 0.055288461538461536 0.06009615384615385
0 0.8341346153846154 0.6887019230769231 0.04807692307692308 0.05048076923076923
0 0.25721153846153844 0.4014423076923077 0.0673076923076923 0.06971153846153846
0 0.22956730769230768 0.4326923076923077 0.052884615384615384 0.055288461538461536
0 0.4987980769230769 0.38341346153846156 0.06971153846153846 0.07692307692307693
0 0.7560096153846154 0.5612980769230769 0.0625 0.07211538461538461