0 0.31971153846153844 0.8497596153846154 0.0673076923076923 0.08173076923076923
0 0.3786057692307692 0.8629807692307693 0.0673076923076923 0.08173076923076923
0 0.6069711538461539 0.4266826923076923 0.08413461538461539 0.0889423076923077
0 0.22956730769230768 0.052884615384615384 0.10817307692307693 0.10576923076923077
0 0.10096153846153846 0.07091346153846154 0.08413461538461539 0.11298076923076923
0 0.30288461538461536 0.028846153846153848 0.07692307692307693 0.057692307692307696
0 0.44350961538461536 0.08413461538461539 0.07932692307692307 0.08653846153846154
0 0.9194711538461539 0.12139423076923077 0.0673076923076923 0.0625
0 0.6742788461538461 0.7307692307692307 0.055288461538461536 0.06490384615384616
0 0.6237980769230769 0.7439903846153846 0.06490384615384616 0.06490384615384616
0 0.11778846153846154 0.7271634615384616 0.040865384615384616 0.040865384615384616