0 0.7487980769230769 0.390625 0.052884615384615384 0.0625
0 0.6550480769230769 0.42427884615384615 0.052884615384615384 0.0625
0 0.5997596153846154 0.375 0.052884615384615384 0.055288461538461536
0 0.5564903846153846 0.4110576923076923 0.057692307692307696 0.0625
0 0.5420673076923077 0.38341346153846156 0.052884615384615384 0.055288461538461536
0 0.4699519230769231 0.47115384615384615 0.07692307692307693 0.07211538461538461
0 0.33533653846153844 0.4795673076923077 0.04567307692307692 0.04567307692307692
0 0.027644230769230768 0.546875 0.04567307692307692 0.057692307692307696
0 0.33653846153846156 0.21754807692307693 0.10817307692307693 0.08413461538461539
0 0.6887019230769231 0.13942307692307693 0.06490384615384616 0.0673076923076923
0 0.2980769230769231 0.33653846153846156 0.0673076923076923 0.07692307692307693
0 0.5144230769230769 0.056490384615384616 0.0673076923076923 0.06971153846153846