0 0.3629807692307692 0.24879807692307693 0.10336538461538461 0.0985576923076923
0 0.43509615384615385 0.3701923076923077 0.10336538461538461 0.0985576923076923
0 0.2980769230769231 0.5480769230769231 0.11298076923076923 0.11057692307692307
0 0.4951923076923077 0.5745192307692307 0.09375 0.08653846153846154
0 0.5649038461538461 0.8581730769230769 0.10336538461538461 0.09615384615384616
0 0.4675480769230769 0.8413461538461539 0.11298076923076923 0.10576923076923077
0 0.5721153846153846 0.9603365384615384 0.08413461538461539 0.057692307692307696
0 0.0673076923076923 0.5084134615384616 0.1201923076923077 0.0985576923076923
0 0.030048076923076924 0.4206730769230769 0.06009615384615385 0.09615384615384616
0 0.025240384615384616 0.1778846153846154 0.05048076923076923 0.08173076923076923
0 0.9399038461538461 0.8305288461538461 0.07451923076923077 0.06490384615384616
0 0.8713942307692307 0.7367788461538461 0.0625 0.055288461538461536
0 0.8173076923076923 0.8125 0.07451923076923077 0.06490384615384616
0 0.6105769230769231 0.5036057692307693 0.06971153846153846 0.057692307692307696
0 0.2439903846153846 0.07692307692307693 0.10817307692307693 0.10576923076923077
0 0.33533653846153844 0.1201923076923077 0.09375 0.08413461538461539