0 0.27884615384615385 0.7091346153846154 0.07932692307692307 0.0889423076923077
0 0.6045673076923077 0.5072115384615384 0.06971153846153846 0.06971153846153846
0 0.6550480769230769 0.265625 0.07932692307692307 0.07451923076923077
0 0.6105769230769231 0.30408653846153844 0.07932692307692307 0.07451923076923077
0 0.5564903846153846 0.27524038461538464 0.07932692307692307 0.07451923076923077
0 0.3269230769230769 0.17548076923076922 0.10576923076923077 0.0889423076923077
0 0.21995192307692307 0.038461538461538464 0.10817307692307693 0.07692307692307693
0 0.3581730769230769 0.421875 0.08413461538461539 0.07692307692307693
0 0.30288461538461536 0.49038461538461536 0.08413461538461539 0.07692307692307693
0 0.8221153846153846 0.29927884615384615 0.040865384615384616 0.05048076923076923
0 0.8389423076923077 0.3173076923076923 0.040865384615384616 0.05048076923076923
0 0.1622596153846154 0.2127403846153846 0.0673076923076923 0.05048076923076923