0 0.9194711538461539 0.49038461538461536 0.06971153846153846 0.0889423076923077
0 0.9711538461538461 0.5841346153846154 0.05048076923076923 0.0889423076923077
0 0.9555288461538461 0.609375 0.052884615384615384 0.07692307692307693
0 0.46274038461538464 0.25841346153846156 0.06490384615384616 0.09615384615384616
0 0.33774038461538464 0.3629807692307692 0.07451923076923077 0.09615384615384616
0 0.36899038461538464 0.36899038461538464 0.0673076923076923 0.07692307692307693
0 0.39783653846153844 0.4651442307692308 0.06971153846153846 0.10096153846153846
0 0.38461538461538464 0.4951923076923077 0.06971153846153846 0.10096153846153846
0 0.34134615384615385 0.44591346153846156 0.06971153846153846 0.10096153846153846
0 0.25 0.32572115384615385 0.06490384615384616 0.09375
0 0.2980769230769231 0.02403846153846154 0.0673076923076923 0.04807692307692308
0 0.2980769230769231 0.037259615384615384 0.0673076923076923 0.07451923076923077
0 0.2439903846153846 0.027644230769230768 0.07932692307692307 0.055288461538461536