0 0.41346153846153844 0.9254807692307693 0.0889423076923077 0.10576923076923077
0 0.0985576923076923 0.5456730769230769 0.0889423076923077 0.11538461538461539
0 0.671875 0.41225961538461536 0.0889423076923077 0.11538461538461539
0 0.5444711538461539 0.4891826923076923 0.05048076923076923 0.0673076923076923
0 0.24759615384615385 0.5204326923076923 0.07211538461538461 0.09134615384615384
0 0.5228365384615384 0.6262019230769231 0.057692307692307696 0.06971153846153846
0 0.5673076923076923 0.578125 0.06971153846153846 0.10096153846153846
0 0.6887019230769231 0.49759615384615385 0.07451923076923077 0.10096153846153846
0 0.7055288461538461 0.42427884615384615 0.052884615384615384 0.07451923076923077
0 0.8665865384615384 0.20552884615384615 0.06490384615384616 0.09134615384615384
0 0.9663461538461539 0.11057692307692307 0.0625 0.08173076923076923
0 0.9098557692307693 0.09014423076923077 0.06490384615384616 0.07932692307692307