0 0.36538461538461536 0.9182692307692307 0.0985576923076923 0.09134615384615384
0 0.08533653846153846 0.6225961538461539 0.09375 0.10336538461538461
0 0.6838942307692307 0.38341346153846156 0.09375 0.10336538461538461
0 0.5456730769230769 0.4795673076923077 0.057692307692307696 0.06009615384615385
0 0.24278846153846154 0.5697115384615384 0.07451923076923077 0.08173076923076923
0 0.5096153846153846 0.6153846153846154 0.06009615384615385 0.0625
0 0.5600961538461539 0.5600961538461539 0.06971153846153846 0.09134615384615384
0 0.6911057692307693 0.45913461538461536 0.07932692307692307 0.09134615384615384
0 0.7199519230769231 0.3870192307692308 0.057692307692307696 0.06971153846153846
0 0.9050480769230769 0.14903846153846154 0.06971153846153846 0.08173076923076923
0 0.9627403846153846 0.03485576923076923 0.06971153846153846 0.06971153846153846