0 0.5216346153846154 0.07572115384615384 0.04567307692307692 0.052884615384615384
0 0.5264423076923077 0.030048076923076924 0.05048076923076923 0.04567307692307692
0 0.4639423076923077 0.09975961538461539 0.04807692307692308 0.040865384615384616
0 0.7307692307692307 0.6610576923076923 0.04326923076923077 0.052884615384615384
0 0.9110576923076923 0.41346153846153844 0.038461538461538464 0.052884615384615384
0 0.8870192307692307 0.40865384615384615 0.036057692307692304 0.04807692307692308
0 0.3954326923076923 0.5048076923076923 0.05048076923076923 0.06009615384615385
0 0.3762019230769231 0.42908653846153844 0.04326923076923077 0.052884615384615384
0 0.1875 0.4230769230769231 0.04326923076923077 0.052884615384615384
0 0.2608173076923077 0.6009615384615384 0.04807692307692308 0.06009615384615385
0 0.06490384615384616 0.5925480769230769 0.052884615384615384 0.0673076923076923