0 0.11899038461538461 0.4254807692307692 0.08653846153846154 0.0889423076923077
0 0.14302884615384615 0.41466346153846156 0.08653846153846154 0.0889423076923077
0 0.12980769230769232 0.3605769230769231 0.08653846153846154 0.0889423076923077
0 0.09615384615384616 0.3485576923076923 0.0625 0.09134615384615384
0 0.40024038461538464 0.25841346153846156 0.09615384615384616 0.0985576923076923
0 0.5973557692307693 0.5132211538461539 0.12740384615384615 0.12980769230769232
0 0.6887019230769231 0.5168269230769231 0.13701923076923078 0.12980769230769232
0 0.4891826923076923 0.6658653846153846 0.11057692307692307 0.10576923076923077
0 0.4855769230769231 0.765625 0.0985576923076923 0.09615384615384616
0 0.5901442307692307 0.7788461538461539 0.13221153846153846 0.12740384615384615
0 0.4110576923076923 0.8269230769230769 0.10576923076923077 0.10096153846153846
0 0.15384615384615385 0.8846153846153846 0.08653846153846154 0.08173076923076923
0 0.06490384615384616 0.9519230769230769 0.08653846153846154 0.0889423076923077