0 0.5072115384615384 0.07572115384615384 0.04326923076923077 0.05048076923076923
0 0.5096153846153846 0.028846153846153848 0.04807692307692308 0.04326923076923077
0 0.4495192307692308 0.10096153846153846 0.04567307692307692 0.038461538461538464
0 0.7367788461538461 0.6526442307692307 0.04326923076923077 0.052884615384615384
0 0.002403846153846154 0.013221153846153846 0 0
0 0.9086538461538461 0.39903846153846156 0.036057692307692304 0.052884615384615384
0 0.8834134615384616 0.3954326923076923 0.03365384615384615 0.04807692307692308
0 0.3954326923076923 0.5084134615384616 0.04807692307692308 0.06009615384615385
0 0.3737980769230769 0.4338942307692308 0.04326923076923077 0.05048076923076923
0 0.18509615384615385 0.4338942307692308 0.04326923076923077 0.05048076923076923
0 0.2644230769230769 0.609375 0.04567307692307692 0.06009615384615385
0 0.06850961538461539 0.6081730769230769 0.052884615384615384 0.06490384615384616