0 0.25721153846153844 0.4963942307692308 0.06490384615384616 0.07451923076923077
0 0.34975961538461536 0.4891826923076923 0.06490384615384616 0.07451923076923077
0 0.4110576923076923 0.41586538461538464 0.06490384615384616 0.06490384615384616
0 0.4519230769230769 0.43509615384615385 0.06971153846153846 0.07451923076923077
0 0.4675480769230769 0.4014423076923077 0.06490384615384616 0.06490384615384616
0 0.5348557692307693 0.4567307692307692 0.09134615384615384 0.08653846153846154
0 0.6706730769230769 0.4098557692307692 0.052884615384615384 0.052884615384615384
0 0.9735576923076923 0.34615384615384615 0.04807692307692308 0.0673076923076923
0 0.6971153846153846 0.14302884615384615 0.125 0.10336538461538461
0 0.3425480769230769 0.21754807692307693 0.07932692307692307 0.08173076923076923
0 0.7235576923076923 0.2512019230769231 0.08413461538461539 0.0889423076923077
0 0.5300480769230769 0.05889423076923077 0.08413461538461539 0.08413461538461539