0 0.359375 0.2608173076923077 0.13221153846153846 0.17307692307692307
0 0.5805288461538461 0.09014423076923077 0.1346153846153846 0.10336538461538461
0 0.9338942307692307 0.8894230769230769 0.12740384615384615 0.15144230769230768
0 0.7463942307692307 0.8052884615384616 0.0889423076923077 0.11057692307692307
0 0.39663461538461536 0.8100961538461539 0.0889423076923077 0.11057692307692307
0 0.09495192307692307 0.5697115384615384 0.07211538461538461 0.08653846153846154
0 0.07451923076923077 0.18870192307692307 0.09615384615384616 0.11778846153846154
0 0.038461538461538464 0.09735576923076923 0.07692307692307693 0.14182692307692307
0 0.06850961538461539 0.22956730769230768 0.07451923076923077 0.09375
0 0.042067307692307696 0.030048076923076924 0.08413461538461539 0.06009615384615385
0 0.19831730769230768 0.6237980769230769 0.08413461538461539 0.10576923076923077