0 0.12620192307692307 0.4338942307692308 0.13701923076923078 0.15865384615384615
0 0.24759615384615385 0.4699519230769231 0.13221153846153846 0.14423076923076922
0 0.28365384615384615 0.34975961538461536 0.11057692307692307 0.13942307692307693
0 0.4074519230769231 0.33413461538461536 0.11057692307692307 0.13942307692307693
0 0.3329326923076923 0.5228365384615384 0.12980769230769232 0.13221153846153846
0 0.3798076923076923 0.4855769230769231 0.12980769230769232 0.13221153846153846
0 0.2932692307692308 0.6923076923076923 0.11778846153846154 0.12980769230769232
0 0.5757211538461539 0.28966346153846156 0.11057692307692307 0.13942307692307693
0 0.6382211538461539 0.22596153846153846 0.12740384615384615 0.14182692307692307
0 0.7620192307692307 0.10336538461538461 0.10336538461538461 0.11298076923076923
0 0.6694711538461539 0.057692307692307696 0.10336538461538461 0.11298076923076923