0 0.6899038461538461 0.44471153846153844 0.07932692307692307 0.09615384615384616
0 0.6490384615384616 0.5264423076923077 0.07932692307692307 0.09615384615384616
0 0.6141826923076923 0.5721153846153846 0.0625 0.07692307692307693
0 0.6778846153846154 0.6911057692307693 0.07692307692307693 0.09375
0 0.7355769230769231 0.6838942307692307 0.06971153846153846 0.08413461538461539
0 0.546875 0.6802884615384616 0.06971153846153846 0.08413461538461539
0 0.48677884615384615 0.6706730769230769 0.06971153846153846 0.08413461538461539
0 0.24879807692307693 0.5336538461538461 0.06971153846153846 0.08413461538461539
0 0.0625 0.6298076923076923 0.05048076923076923 0.06009615384615385
0 0.45552884615384615 0.3954326923076923 0.07451923076923077 0.09615384615384616
0 0.5480769230769231 0.29927884615384615 0.06009615384615385 0.08173076923076923
0 0.6033653846153846 0.3173076923076923 0.06009615384615385 0.08173076923076923
0 0.9170673076923077 0.5709134615384616 0.04807692307692308 0.06490384615384616