0 0.25 0.055288461538461536 0.09615384615384616 0.0673076923076923
0 0.28125 0.05048076923076923 0.09615384615384616 0.0625
0 0.328125 0.037259615384615384 0.09375 0.038461538461538464
0 0.3233173076923077 0.15625 0.09615384615384616 0.10576923076923077
0 0.7247596153846154 0.3401442307692308 0.08653846153846154 0.07451923076923077
0 0.9723557692307693 0.21754807692307693 0.05048076923076923 0.07932692307692307
0 0.9795673076923077 0.1814903846153846 0.036057692307692304 0.07932692307692307
0 0.5396634615384616 0.5600961538461539 0.09375 0.07692307692307693
0 0.4411057692307692 0.6526442307692307 0.07692307692307693 0.0673076923076923
0 0.46634615384615385 0.6802884615384616 0.09375 0.07932692307692307
0 0.5288461538461539 0.6454326923076923 0.07451923076923077 0.07211538461538461
0 0.019230769230769232 0.6081730769230769 0.038461538461538464 0.09615384615384616
0 0.6682692307692307 0.9591346153846154 0.1201923076923077 0.040865384615384616
0 0.2620192307692308 0.5084134615384616 0.07692307692307693 0.0673076923076923
0 0.25721153846153844 0.4795673076923077 0.09375 0.08173076923076923
0 0.27403846153846156 0.35216346153846156 0.09375 0.08173076923076923
0 0.2668269230769231 0.41346153846153844 0.08413461538461539 0.07451923076923077
0 0.2932692307692308 0.6694711538461539 0.08413461538461539 0.07451923076923077
0 0.7908653846153846 0.5456730769230769 0.10576923076923077 0.0889423076923077