0 0.5709134615384616 0.07451923076923077 0.052884615384615384 0.06009615384615385
0 0.5805288461538461 0.027644230769230768 0.055288461538461536 0.052884615384615384
0 0.5084134615384616 0.09735576923076923 0.052884615384615384 0.04807692307692308
0 0.7115384615384616 0.6622596153846154 0.05048076923076923 0.06009615384615385
0 0.9182692307692307 0.41586538461538464 0.04326923076923077 0.06009615384615385
0 0.8942307692307693 0.41225961538461536 0.040865384615384616 0.055288461538461536
0 0.3954326923076923 0.5048076923076923 0.055288461538461536 0.06490384615384616
0 0.3870192307692308 0.42788461538461536 0.05048076923076923 0.06009615384615385
0 0.19951923076923078 0.4206730769230769 0.05048076923076923 0.06009615384615385
0 0.25240384615384615 0.6009615384615384 0.052884615384615384 0.06490384615384616
0 0.057692307692307696 0.5913461538461539 0.06009615384615385 0.07211538461538461