0 0.17307692307692307 0.2608173076923077 0.08653846153846154 0.07692307692307693
0 0.3245192307692308 0.38822115384615385 0.055288461538461536 0.06971153846153846
0 0.27524038461538464 0.7331730769230769 0.055288461538461536 0.055288461538461536
0 0.19831730769230768 0.7608173076923077 0.0625 0.0625
0 0.21153846153846154 0.8221153846153846 0.055288461538461536 0.055288461538461536
0 0.040865384615384616 0.47836538461538464 0.055288461538461536 0.08653846153846154
0 0.8161057692307693 0.2860576923076923 0.0625 0.06490384615384616
0 0.859375 0.36658653846153844 0.0625 0.06971153846153846
0 0.7944711538461539 0.36778846153846156 0.07211538461538461 0.06971153846153846
0 0.8341346153846154 0.38822115384615385 0.05048076923076923 0.052884615384615384
0 0.8028846153846154 0.2668269230769231 0.05048076923076923 0.06971153846153846
0 0.8161057692307693 0.125 0.055288461538461536 0.06490384615384616
0 0.7536057692307693 0.1346153846153846 0.055288461538461536 0.06490384615384616
0 0.5564903846153846 0.140625 0.040865384615384616 0.06009615384615385