0 0.7536057692307693 0.4170673076923077 0.19471153846153846 0.15865384615384615
0 0.8737980769230769 0.25841346153846156 0.14182692307692307 0.11778846153846154
0 0.8689903846153846 0.057692307692307696 0.1466346153846154 0.11538461538461539
0 0.7716346153846154 0.036057692307692304 0.11057692307692307 0.07211538461538461
0 0.8040865384615384 0.8978365384615384 0.15384615384615385 0.125
0 0.3076923076923077 0.5492788461538461 0.125 0.10096153846153846
0 0.6526442307692307 0.13942307692307693 0.09615384615384616 0.08173076923076923
0 0.20793269230769232 0.19951923076923078 0.07211538461538461 0.06009615384615385
0 0.2247596153846154 0.09375 0.07211538461538461 0.06009615384615385
0 0.6814903846153846 0.8317307692307693 0.0889423076923077 0.08653846153846154
0 0.7860576923076923 0.7163461538461539 0.0889423076923077 0.08653846153846154