0 0.06009615384615385 0.6526442307692307 0.07451923076923077 0.09615384615384616
0 0.15985576923076922 0.38221153846153844 0.08173076923076923 0.11538461538461539
0 0.13581730769230768 0.30528846153846156 0.08173076923076923 0.11538461538461539
0 0.5432692307692307 0.2800480769230769 0.07932692307692307 0.09375
0 0.24158653846153846 0.18990384615384615 0.08173076923076923 0.11057692307692307
0 0.31850961538461536 0.12379807692307693 0.07451923076923077 0.10336538461538461
0 0.3485576923076923 0.10216346153846154 0.07451923076923077 0.10336538461538461
0 0.6694711538461539 0.09375 0.07451923076923077 0.10336538461538461
0 0.6899038461538461 0.13701923076923078 0.07451923076923077 0.10336538461538461
0 0.8125 0.3557692307692308 0.07451923076923077 0.10336538461538461
0 0.9603365384615384 0.3473557692307692 0.06009615384615385 0.08173076923076923
0 0.6887019230769231 0.5024038461538461 0.0673076923076923 0.0985576923076923
0 0.5793269230769231 0.5420673076923077 0.06971153846153846 0.10817307692307693