0 0.04807692307692308 0.09975961538461539 0.09615384615384616 0.11298076923076923
0 0.22716346153846154 0.24639423076923078 0.10336538461538461 0.10817307692307693
0 0.2536057692307692 0.7427884615384616 0.10336538461538461 0.11778846153846154
0 0.5949519230769231 0.53125 0.10336538461538461 0.11778846153846154
0 0.6189903846153846 0.34615384615384615 0.09134615384615384 0.0985576923076923
0 0.9290865384615384 0.41225961538461536 0.09134615384615384 0.0985576923076923
0 0.6959134615384616 0.7019230769230769 0.11538461538461539 0.11778846153846154
0 0.6045673076923077 0.7908653846153846 0.09375 0.10576923076923077
0 0.6213942307692307 0.8605769230769231 0.10336538461538461 0.10576923076923077
0 0.3605769230769231 0.8629807692307693 0.09134615384615384 0.10336538461538461
0 0.31850961538461536 0.9290865384615384 0.09375 0.11298076923076923
0 0.21754807692307693 0.796875 0.08173076923076923 0.07451923076923077
0 0.14182692307692307 0.8509615384615384 0.06490384615384616 0.10817307692307693
0 0.125 0.7860576923076923 0.07451923076923077 0.10817307692307693
0 0.08173076923076923 0.671875 0.0625 0.13701923076923078
0 0.2403846153846154 0.036057692307692304 0.09134615384615384 0.06490384615384616