0 0.38461538461538464 0.39302884615384615 0.07692307692307693 0.08413461538461539
0 0.3485576923076923 0.3918269230769231 0.07692307692307693 0.08413461538461539
0 0.34134615384615385 0.44350961538461536 0.07692307692307693 0.08413461538461539
0 0.16706730769230768 0.33413461538461536 0.09134615384615384 0.0985576923076923
0 0.06971153846153846 0.43149038461538464 0.09134615384615384 0.0985576923076923
0 0.016826923076923076 0.2800480769230769 0.03365384615384615 0.12259615384615384
0 0.4014423076923077 0.24519230769230768 0.08173076923076923 0.08653846153846154
0 0.36658653846153844 0.22355769230769232 0.0673076923076923 0.06971153846153846
0 0.49759615384615385 0.7127403846153846 0.07211538461538461 0.07692307692307693
0 0.4230769230769231 0.7367788461538461 0.0673076923076923 0.06971153846153846
0 0.33533653846153844 0.8233173076923077 0.0673076923076923 0.06971153846153846
0 0.8713942307692307 0.2932692307692308 0.06009615384615385 0.08173076923076923