0 0.9074519230769231 0.06370192307692307 0.12259615384615384 0.125
0 0.8221153846153846 0.15144230769230768 0.11778846153846154 0.11538461538461539
0 0.7055288461538461 0.3605769230769231 0.12980769230769232 0.125
0 0.6165865384615384 0.17427884615384615 0.11778846153846154 0.12259615384615384
0 0.5432692307692307 0.15985576923076922 0.11298076923076923 0.10336538461538461
0 0.4651442307692308 0.19591346153846154 0.1466346153846154 0.1346153846153846
0 0.31850961538461536 0.3329326923076923 0.1346153846153846 0.12980769230769232
0 0.4362980769230769 0.15384615384615385 0.1346153846153846 0.12980769230769232
0 0.2932692307692308 0.765625 0.08173076923076923 0.0889423076923077
0 0.4891826923076923 0.7247596153846154 0.09615384615384616 0.09375
0 0.90625 0.19110576923076922 0.09615384615384616 0.09375
0 0.21394230769230768 0.36899038461538464 0.0625 0.06009615384615385
0 0.1622596153846154 0.38461538461538464 0.07692307692307693 0.07692307692307693
0 0.07692307692307693 0.5252403846153846 0.06971153846153846 0.06490384615384616