0 0.2644230769230769 0.703125 0.0673076923076923 0.08173076923076923
0 0.15384615384615385 0.625 0.07451923076923077 0.10817307692307693
0 0.2283653846153846 0.453125 0.07451923076923077 0.10817307692307693
0 0.28846153846153844 0.44350961538461536 0.06490384615384616 0.09615384615384616
0 0.3557692307692308 0.48677884615384615 0.06490384615384616 0.09615384615384616
0 0.30528846153846156 0.5 0.055288461538461536 0.08653846153846154
0 0.24278846153846154 0.39663461538461536 0.07932692307692307 0.11538461538461539
0 0.12379807692307693 0.22716346153846154 0.08413461538461539 0.125
0 0.6670673076923077 0.38221153846153844 0.10817307692307693 0.125
0 0.040865384615384616 0.43509615384615385 0.057692307692307696 0.0985576923076923
0 0.4891826923076923 0.7932692307692307 0.052884615384615384 0.08653846153846154