0 0.36658653846153844 0.11658653846153846 0.08173076923076923 0.10096153846153846
0 0.4326923076923077 0.14783653846153846 0.08173076923076923 0.10096153846153846
0 0.5384615384615384 0.23076923076923078 0.08173076923076923 0.10096153846153846
0 0.5432692307692307 0.13942307692307693 0.08173076923076923 0.10096153846153846
0 0.625 0.18990384615384615 0.08173076923076923 0.10096153846153846
0 0.2956730769230769 0.014423076923076924 0.08653846153846154 0.028846153846153848
0 0.25600961538461536 0.03365384615384615 0.08413461538461539 0.0673076923076923
0 0.7548076923076923 0.640625 0.0985576923076923 0.1201923076923077
0 0.7764423076923077 0.7247596153846154 0.10817307692307693 0.13221153846153846
0 0.8401442307692307 0.6923076923076923 0.08653846153846154 0.10817307692307693
0 0.07692307692307693 0.07091346153846154 0.07451923076923077 0.08413461538461539
0 0.109375 0.3016826923076923 0.07692307692307693 0.0889423076923077
0 0.5204326923076923 0.3870192307692308 0.052884615384615384 0.06009615384615385
0 0.38100961538461536 0.0829326923076923 0.0889423076923077 0.10336538461538461