0 0.8858173076923077 0.7319711538461539 0.0673076923076923 0.07211538461538461
0 0.3894230769230769 0.5 0.057692307692307696 0.06009615384615385
0 0.17067307692307693 0.24759615384615385 0.0673076923076923 0.06009615384615385
0 0.24519230769230768 0.28966346153846156 0.0673076923076923 0.06009615384615385
0 0.2848557692307692 0.2644230769230769 0.0673076923076923 0.06009615384615385
0 0.4675480769230769 0.1814903846153846 0.08653846153846154 0.07211538461538461
0 0.4855769230769231 0.04326923076923077 0.08653846153846154 0.07211538461538461
0 0.6009615384615384 0.43149038461538464 0.06971153846153846 0.0625
0 0.7079326923076923 0.5060096153846154 0.06971153846153846 0.0625
0 0.014423076923076924 0.2668269230769231 0.028846153846153848 0.04326923076923077
0 0.01201923076923077 0.28846153846153844 0.02403846153846154 0.04326923076923077
0 0.8557692307692307 0.078125 0.07692307692307693 0.07692307692307693
0 0.671875 0.234375 0.055288461538461536 0.040865384615384616