0 0.9891826923076923 0.038461538461538464 0.016826923076923076 0.07692307692307693
0 0.9759615384615384 0.03365384615384615 0.04326923076923077 0.0673076923076923
0 0.9495192307692307 0.020432692307692308 0.0625 0.040865384615384616
0 0.8737980769230769 0.14302884615384615 0.06490384615384616 0.10576923076923077
0 0.37259615384615385 0.3401442307692308 0.0625 0.06971153846153846
0 0.17668269230769232 0.22235576923076922 0.07692307692307693 0.06971153846153846
0 0.18629807692307693 0.18389423076923078 0.0673076923076923 0.06971153846153846
0 0.4230769230769231 0.5649038461538461 0.0673076923076923 0.06971153846153846
0 0.46875 0.65625 0.055288461538461536 0.06490384615384616
0 0.42908653846153844 0.6838942307692307 0.06490384615384616 0.07692307692307693
0 0.3858173076923077 0.6502403846153846 0.052884615384615384 0.06971153846153846
0 0.9350961538461539 0.5985576923076923 0.06490384615384616 0.09134615384615384
0 0.055288461538461536 0.9771634615384616 0.08653846153846154 0.040865384615384616
0 0.7295673076923077 0.5012019230769231 0.055288461538461536 0.06490384615384616
0 0.7512019230769231 0.47475961538461536 0.06490384615384616 0.07932692307692307
0 0.8064903846153846 0.3425480769230769 0.06490384615384616 0.07932692307692307
0 0.7800480769230769 0.4050480769230769 0.06009615384615385 0.06971153846153846
0 0.6045673076923077 0.6694711538461539 0.06009615384615385 0.06971153846153846
0 0.1875 0.5540865384615384 0.07932692307692307 0.0889423076923077