0 0.21514423076923078 0.5588942307692307 0.07451923076923077 0.06971153846153846
0 0.38822115384615385 0.5637019230769231 0.07932692307692307 0.07932692307692307
0 0.4050480769230769 0.5144230769230769 0.07932692307692307 0.07932692307692307
0 0.4483173076923077 0.5456730769230769 0.07451923076923077 0.06971153846153846
0 0.27884615384615385 0.7572115384615384 0.0889423076923077 0.08413461538461539
0 0.234375 0.7908653846153846 0.0889423076923077 0.08413461538461539
0 0.33052884615384615 0.09975961538461539 0.09615384615384616 0.09134615384615384
0 0.7512019230769231 0.4651442307692308 0.0889423076923077 0.08413461538461539
0 0.8581730769230769 0.6177884615384616 0.0889423076923077 0.08413461538461539
0 0.8978365384615384 0.5264423076923077 0.06971153846153846 0.0673076923076923
0 0.9471153846153846 0.5817307692307693 0.06971153846153846 0.0673076923076923
0 0.9194711538461539 0.5829326923076923 0.06971153846153846 0.0673076923076923
0 0.9807692307692307 0.7692307692307693 0.03365384615384615 0.07211538461538461
0 0.7007211538461539 0.15264423076923078 0.07932692307692307 0.07932692307692307