0 0.21033653846153846 0.4254807692307692 0.057692307692307696 0.08173076923076923
0 0.5240384615384616 0.6778846153846154 0.06009615384615385 0.07932692307692307
0 0.3425480769230769 0.44350961538461536 0.04807692307692308 0.06009615384615385
0 0.4110576923076923 0.3762019230769231 0.057692307692307696 0.0673076923076923
0 0.8954326923076923 0.8653846153846154 0.06971153846153846 0.07692307692307693
0 0.7271634615384616 0.734375 0.05048076923076923 0.055288461538461536
0 0.6802884615384616 0.9278846153846154 0.07692307692307693 0.12259615384615384
0 0.22716346153846154 0.8942307692307693 0.04807692307692308 0.06009615384615385
0 0.9651442307692307 0.9879807692307693 0.05048076923076923 0.019230769230769232
0 0.9471153846153846 0.3918269230769231 0.05048076923076923 0.06971153846153846
0 0.8329326923076923 0.7199519230769231 0.036057692307692304 0.06009615384615385