0 0.6538461538461539 0.1201923076923077 0.06971153846153846 0.0889423076923077
0 0.5889423076923077 0.14423076923076922 0.06971153846153846 0.0889423076923077
0 0.4807692307692308 0.2127403846153846 0.06971153846153846 0.0889423076923077
0 0.4807692307692308 0.11658653846153846 0.06971153846153846 0.0889423076923077
0 0.39903846153846156 0.15745192307692307 0.06971153846153846 0.0889423076923077
0 0.7355769230769231 0.018028846153846152 0.07211538461538461 0.036057692307692304
0 0.7668269230769231 0.039663461538461536 0.07211538461538461 0.07932692307692307
0 0.24759615384615385 0.6045673076923077 0.08653846153846154 0.10576923076923077
0 0.21875 0.6899038461538461 0.09375 0.11778846153846154
0 0.15865384615384615 0.6454326923076923 0.07932692307692307 0.09375
0 0.9362980769230769 0.1201923076923077 0.0625 0.07692307692307693
0 0.9579326923076923 0.018028846153846152 0.06490384615384616 0.036057692307692304
0 0.8894230769230769 0.35697115384615385 0.0673076923076923 0.07932692307692307
0 0.4879807692307692 0.3798076923076923 0.04567307692307692 0.052884615384615384
0 0.640625 0.08533653846153846 0.07932692307692307 0.09134615384615384