0 0.2536057692307692 0.0889423076923077 0.0673076923076923 0.06490384615384616
0 0.6298076923076923 0.12379807692307693 0.0673076923076923 0.06490384615384616
0 0.6875 0.14543269230769232 0.07692307692307693 0.07211538461538461
0 0.1658653846153846 0.5396634615384616 0.07692307692307693 0.07211538461538461
0 0.22235576923076922 0.5528846153846154 0.0625 0.06009615384615385
0 0.38100961538461536 0.8461538461538461 0.08173076923076923 0.07932692307692307
0 0.6514423076923077 0.7007211538461539 0.07932692307692307 0.07692307692307693
0 0.6358173076923077 0.6983173076923077 0.10576923076923077 0.10096153846153846
0 0.6694711538461539 0.5817307692307693 0.10576923076923077 0.10096153846153846
0 0.7752403846153846 0.6033653846153846 0.10576923076923077 0.10096153846153846
0 0.9074519230769231 0.5973557692307693 0.0985576923076923 0.10817307692307693