0 0.7211538461538461 0.13221153846153846 0.06490384615384616 0.07451923076923077
0 0.6634615384615384 0.125 0.06490384615384616 0.07451923076923077
0 0.3858173076923077 0.5829326923076923 0.08413461538461539 0.08413461538461539
0 0.7199519230769231 0.9375 0.10336538461538461 0.11538461538461539
0 0.8533653846153846 0.8978365384615384 0.08413461538461539 0.10336538461538461
0 0.6454326923076923 0.9651442307692307 0.07451923076923077 0.06490384615384616
0 0.5108173076923077 0.9134615384615384 0.07692307692307693 0.07932692307692307
0 0.03365384615384615 0.9170673076923077 0.0673076923076923 0.06009615384615385
0 0.35096153846153844 0.28125 0.052884615384615384 0.06009615384615385
0 0.4050480769230769 0.2644230769230769 0.0625 0.057692307692307696
0 0.9110576923076923 0.2403846153846154 0.040865384615384616 0.038461538461538464