0 0.78125 0.12379807692307693 0.0625 0.08173076923076923
0 0.9555288461538461 0.3918269230769231 0.08413461538461539 0.13942307692307693
0 0.8786057692307693 0.47475961538461536 0.1201923076923077 0.17067307692307693
0 0.6802884615384616 0.29086538461538464 0.055288461538461536 0.07932692307692307
0 0.46274038461538464 0.4206730769230769 0.07692307692307693 0.10817307692307693
0 0.3581730769230769 0.4651442307692308 0.07692307692307693 0.10817307692307693
0 0.3425480769230769 0.3918269230769231 0.07692307692307693 0.10817307692307693
0 0.38221153846153844 0.16947115384615385 0.08413461538461539 0.1201923076923077
0 0.10576923076923077 0.2824519230769231 0.09375 0.13942307692307693
0 0.5769230769230769 0.026442307692307692 0.0625 0.052884615384615384
0 0.984375 0.037259615384615384 0.026442307692307692 0.07451923076923077
0 0.7956730769230769 0.5709134615384616 0.07932692307692307 0.12980769230769232
0 0.4855769230769231 0.8245192307692307 0.0625 0.10336538461538461
0 0.6526442307692307 0.7524038461538461 0.052884615384615384 0.09134615384615384
0 0.5240384615384616 0.8004807692307693 0.09375 0.13942307692307693