0 0.41346153846153844 0.7956730769230769 0.06490384615384616 0.07932692307692307
0 0.5024038461538461 0.5925480769230769 0.06490384615384616 0.07932692307692307
0 0.6117788461538461 0.46875 0.057692307692307696 0.06971153846153846
0 0.625 0.5384615384615384 0.057692307692307696 0.06971153846153846
0 0.5588942307692307 0.4326923076923077 0.08413461538461539 0.09375
0 0.5769230769230769 0.18389423076923078 0.08413461538461539 0.09375
0 0.6274038461538461 0.037259615384615384 0.08653846153846154 0.07451923076923077
0 0.7860576923076923 0.010817307692307692 0.0673076923076923 0.021634615384615384
0 0.8149038461538461 0.014423076923076924 0.0673076923076923 0.028846153846153848
0 0.32211538461538464 0.23557692307692307 0.0625 0.07692307692307693
0 0.1971153846153846 0.328125 0.0889423076923077 0.10336538461538461
0 0.07211538461538461 0.44711538461538464 0.0673076923076923 0.10576923076923077