0 0.16826923076923078 0.07091346153846154 0.07932692307692307 0.06971153846153846
0 0.34375 0.20552884615384615 0.07932692307692307 0.06971153846153846
0 0.38100961538461536 0.25600961538461536 0.057692307692307696 0.0625
0 0.4098557692307692 0.28846153846153844 0.0673076923076923 0.0673076923076923
0 0.6394230769230769 0.1466346153846154 0.07451923076923077 0.07692307692307693
0 0.6995192307692307 0.12379807692307693 0.07451923076923077 0.07692307692307693
0 0.9795673076923077 0.2776442307692308 0.036057692307692304 0.06971153846153846
0 0.5985576923076923 0.7271634615384616 0.0673076923076923 0.0673076923076923
0 0.6814903846153846 0.6382211538461539 0.0673076923076923 0.0673076923076923
0 0.08653846153846154 0.7091346153846154 0.10096153846153846 0.08173076923076923
0 0.16706730769230768 0.6394230769230769 0.07451923076923077 0.06009615384615385
0 0.36538461538461536 0.9543269230769231 0.0673076923076923 0.052884615384615384
0 0.0889423076923077 0.002403846153846154 0 0
0 0.7944711538461539 0.20552884615384615 0.0673076923076923 0.06009615384615385
0 0.7367788461538461 0.18870192307692307 0.0673076923076923 0.052884615384615384