0 0.9074519230769231 0.34134615384615385 0.07451923076923077 0.10096153846153846
0 0.43149038461538464 0.5276442307692307 0.0673076923076923 0.09375
0 0.07451923076923077 0.40865384615384615 0.08413461538461539 0.10096153846153846
0 0.13221153846153846 0.3317307692307692 0.09375 0.11298076923076923
0 0.33533653846153844 0.5024038461538461 0.07692307692307693 0.0889423076923077
0 0.4879807692307692 0.7151442307692307 0.07692307692307693 0.0889423076923077
0 0.265625 0.3004807692307692 0.08413461538461539 0.0985576923076923
0 0.21995192307692307 0.27524038461538464 0.07451923076923077 0.0889423076923077
0 0.4170673076923077 0.30408653846153844 0.055288461538461536 0.06490384615384616
0 0.3942307692307692 0.27163461538461536 0.055288461538461536 0.06490384615384616
0 0.38221153846153844 0.18509615384615385 0.055288461538461536 0.06490384615384616
0 0.5024038461538461 0.46153846153846156 0.0625 0.07211538461538461
0 0.5276442307692307 0.40384615384615385 0.0673076923076923 0.07692307692307693
0 0.5829326923076923 0.6045673076923077 0.0673076923076923 0.07692307692307693