0 0.0625 0.3713942307692308 0.0625 0.07692307692307693
0 0.09735576923076923 0.32091346153846156 0.07692307692307693 0.09134615384615384
0 0.19591346153846154 0.24158653846153846 0.07692307692307693 0.09134615384615384
0 0.16346153846153846 0.4182692307692308 0.0673076923076923 0.08413461538461539
0 0.13822115384615385 0.5264423076923077 0.0673076923076923 0.08413461538461539
0 0.2704326923076923 0.21394230769230768 0.08413461538461539 0.09375
0 0.30649038461538464 0.17427884615384615 0.06490384615384616 0.07451923076923077
0 0.5949519230769231 0.15264423076923078 0.09615384615384616 0.09134615384615384
0 0.6802884615384616 0.6790865384615384 0.10817307692307693 0.12980769230769232
0 0.7620192307692307 0.6826923076923077 0.10817307692307693 0.12980769230769232
0 0.7932692307692307 0.7415865384615384 0.08653846153846154 0.10576923076923077
0 0.7427884615384616 0.8028846153846154 0.09375 0.12740384615384615
0 0.6237980769230769 0.8557692307692307 0.08413461538461539 0.11057692307692307
0 0.5769230769230769 0.8665865384615384 0.08173076923076923 0.1201923076923077
0 0.5228365384615384 0.8918269230769231 0.08173076923076923 0.10817307692307693
0 0.9326923076923077 0.5336538461538461 0.08173076923076923 0.10817307692307693
0 0.4831730769230769 0.6129807692307693 0.07211538461538461 0.10096153846153846
0 0.2512019230769231 0.9771634615384616 0.07451923076923077 0.040865384615384616
0 0.24639423076923078 0.9495192307692307 0.06009615384615385 0.0673076923076923
0 0.3786057692307692 0.8088942307692307 0.06009615384615385 0.0673076923076923