0 0.15985576923076922 0.27403846153846156 0.09375 0.07932692307692307
0 0.31850961538461536 0.39302884615384615 0.0625 0.07211538461538461
0 0.28966346153846156 0.7415865384615384 0.0625 0.057692307692307696
0 0.21514423076923078 0.7740384615384616 0.06490384615384616 0.0625
0 0.234375 0.8341346153846154 0.0625 0.057692307692307696
0 0.040865384615384616 0.4963942307692308 0.0625 0.08413461538461539
0 0.8004807692307693 0.27283653846153844 0.06490384615384616 0.06490384615384616
0 0.8497596153846154 0.35096153846153844 0.06490384615384616 0.07211538461538461
0 0.7848557692307693 0.3557692307692308 0.07692307692307693 0.07211538461538461
0 0.8245192307692307 0.375 0.052884615384615384 0.05048076923076923
0 0.7860576923076923 0.2536057692307692 0.052884615384615384 0.06971153846153846
0 0.7920673076923077 0.11177884615384616 0.057692307692307696 0.0673076923076923
0 0.7271634615384616 0.12259615384615384 0.057692307692307696 0.0673076923076923
0 0.5336538461538461 0.13942307692307693 0.04326923076923077 0.06009615384615385