0 0.24879807692307693 0.23798076923076922 0.07451923076923077 0.09375
0 0.6045673076923077 0.5096153846153846 0.06490384615384616 0.07692307692307693
0 0.6862980769230769 0.7776442307692307 0.07211538461538461 0.07692307692307693
0 0.6370192307692307 0.7295673076923077 0.07211538461538461 0.07692307692307693
0 0.5877403846153846 0.75 0.07211538461538461 0.07692307692307693
0 0.36899038461538464 0.8173076923076923 0.09134615384615384 0.09615384615384616
0 0.2776442307692308 0.9519230769230769 0.09375 0.09134615384615384
0 0.36778846153846156 0.5576923076923077 0.07451923076923077 0.08413461538461539
0 0.30408653846153844 0.47596153846153844 0.07451923076923077 0.08413461538461539
0 0.8497596153846154 0.7728365384615384 0.038461538461538464 0.052884615384615384
0 0.8629807692307693 0.7536057692307693 0.038461538461538464 0.052884615384615384
0 0.19831730769230768 0.7487980769230769 0.055288461538461536 0.057692307692307696