0 0.2860576923076923 0.29086538461538464 0.1466346153846154 0.15144230769230768
0 0.31009615384615385 0.36899038461538464 0.11778846153846154 0.12259615384615384
0 0.4987980769230769 0.4699519230769231 0.11778846153846154 0.12259615384615384
0 0.53125 0.49399038461538464 0.13221153846153846 0.13701923076923078
0 0.6117788461538461 0.2920673076923077 0.08413461538461539 0.0889423076923077
0 0.4098557692307692 0.7067307692307693 0.10576923076923077 0.09375
0 0.33533653846153844 0.8629807692307693 0.0985576923076923 0.08413461538461539
0 0.48197115384615385 0.9555288461538461 0.10096153846153846 0.08173076923076923
0 0.6129807692307693 0.96875 0.07451923076923077 0.04807692307692308
0 0.6418269230769231 0.9663461538461539 0.07451923076923077 0.052884615384615384
0 0.90625 0.5336538461538461 0.08653846153846154 0.07932692307692307
0 0.9447115384615384 0.5216346153846154 0.07692307692307693 0.07211538461538461