0 0.3762019230769231 0.2668269230769231 0.12259615384615384 0.1466346153846154
0 0.6201923076923077 0.09134615384615384 0.125 0.11778846153846154
0 0.921875 0.8834134615384616 0.11778846153846154 0.12980769230769232
0 0.7295673076923077 0.7980769230769231 0.08413461538461539 0.09375
0 0.3629807692307692 0.7980769230769231 0.08413461538461539 0.09375
0 0.06971153846153846 0.5600961538461539 0.06490384615384616 0.07451923076923077
0 0.0829326923076923 0.19110576923076922 0.0889423076923077 0.0985576923076923
0 0.042067307692307696 0.0985576923076923 0.08413461538461539 0.1201923076923077
0 0.07211538461538461 0.22956730769230768 0.07211538461538461 0.07932692307692307
0 0.06490384615384616 0.030048076923076924 0.07692307692307693 0.06009615384615385
0 0.17427884615384615 0.6141826923076923 0.07692307692307693 0.0889423076923077