0 0.29927884615384615 0.16947115384615385 0.09375 0.125
0 0.5108173076923077 0.12860576923076922 0.10336538461538461 0.1346153846153846
0 0.30408653846153844 0.2932692307692308 0.10336538461538461 0.1346153846153846
0 0.43509615384615385 0.5360576923076923 0.10336538461538461 0.1346153846153846
0 0.4699519230769231 0.5829326923076923 0.10336538461538461 0.1346153846153846
0 0.609375 0.4266826923076923 0.10336538461538461 0.12259615384615384
0 0.9134615384615384 0.1622596153846154 0.09375 0.11057692307692307
0 0.84375 0.11298076923076923 0.09375 0.11057692307692307
0 0.921875 0.040865384615384616 0.11298076923076923 0.08173076923076923
0 0.9543269230769231 0.028846153846153848 0.08653846153846154 0.057692307692307696
0 0.4963942307692308 0.07211538461538461 0.11298076923076923 0.08173076923076923
0 0.3557692307692308 0.1346153846153846 0.11057692307692307 0.1201923076923077