0 0.6538461538461539 0.921875 0.10576923076923077 0.0985576923076923
0 0.13341346153846154 0.5456730769230769 0.10576923076923077 0.10817307692307693
0 0.6177884615384616 0.41225961538461536 0.10576923076923077 0.10817307692307693
0 0.5360576923076923 0.4879807692307692 0.06009615384615385 0.0625
0 0.2668269230769231 0.5204326923076923 0.08413461538461539 0.08653846153846154
0 0.59375 0.6262019230769231 0.06490384615384616 0.0673076923076923
0 0.6105769230769231 0.5769230769230769 0.08173076923076923 0.09615384615384616
0 0.6814903846153846 0.4951923076923077 0.08653846153846154 0.0985576923076923
0 0.6598557692307693 0.4230769230769231 0.06490384615384616 0.06971153846153846
0 0.6935096153846154 0.20673076923076922 0.07451923076923077 0.08413461538461539
0 0.7367788461538461 0.109375 0.07451923076923077 0.07692307692307693
0 0.6706730769230769 0.09014423076923077 0.07451923076923077 0.07692307692307693