0 0.6069711538461539 0.17307692307692307 0.08173076923076923 0.0889423076923077
0 0.5456730769230769 0.15384615384615385 0.08173076923076923 0.0889423076923077
0 0.4110576923076923 0.5625 0.10336538461538461 0.09615384615384616
0 0.8617788461538461 0.9555288461538461 0.13221153846153846 0.08413461538461539
0 0.9639423076923077 0.9519230769230769 0.0673076923076923 0.09134615384615384
0 0.7956730769230769 0.9771634615384616 0.09134615384615384 0.040865384615384616
0 0.6430288461538461 0.9170673076923077 0.09615384615384616 0.09375
0 0.16346153846153846 0.8305288461538461 0.08413461538461539 0.06971153846153846
0 0.27884615384615385 0.25240384615384615 0.0673076923076923 0.06971153846153846
0 0.3269230769230769 0.2439903846153846 0.07692307692307693 0.06971153846153846
0 0.8317307692307693 0.3161057692307692 0.05048076923076923 0.04326923076923077