0 0.12620192307692307 0.33533653846153844 0.07211538461538461 0.08413461538461539
0 0.11538461538461539 0.5841346153846154 0.06971153846153846 0.06971153846153846
0 0.08653846153846154 0.6189903846153846 0.06971153846153846 0.06971153846153846
0 0.1201923076923077 0.7704326923076923 0.06971153846153846 0.06971153846153846
0 0.19110576923076922 0.7403846153846154 0.07692307692307693 0.08413461538461539
0 0.24639423076923078 0.8064903846153846 0.07692307692307693 0.08413461538461539
0 0.2848557692307692 0.7836538461538461 0.06490384615384616 0.07692307692307693
0 0.31490384615384615 0.7788461538461539 0.06490384615384616 0.07692307692307693
0 0.5180288461538461 0.7115384615384616 0.07692307692307693 0.09615384615384616
0 0.4723557692307692 0.4987980769230769 0.0625 0.07692307692307693
0 0.38221153846153844 0.2980769230769231 0.07211538461538461 0.07932692307692307
0 0.7692307692307693 0.5600961538461539 0.057692307692307696 0.06490384615384616
0 0.6850961538461539 0.5709134615384616 0.04807692307692308 0.0625
0 0.9110576923076923 0.0733173076923077 0.08653846153846154 0.0985576923076923
0 0.2620192307692308 0.7283653846153846 0.06971153846153846 0.07932692307692307
0 0.3004807692307692 0.8569711538461539 0.0625 0.08413461538461539