0 0.4387019230769231 0.44471153846153844 0.09615384615384616 0.10576923076923077
0 0.15384615384615385 0.3293269230769231 0.06490384615384616 0.06971153846153846
0 0.44350961538461536 0.1971153846153846 0.07451923076923077 0.08413461538461539
0 0.48677884615384615 0.203125 0.07451923076923077 0.08413461538461539
0 0.6286057692307693 0.10817307692307693 0.15865384615384615 0.1658653846153846
0 0.8076923076923077 0.05889423076923077 0.10817307692307693 0.11778846153846154
0 0.8990384615384616 0.057692307692307696 0.11057692307692307 0.11538461538461539
0 0.9338942307692307 0.026442307692307692 0.0985576923076923 0.052884615384615384
0 0.06490384615384616 0.27283653846153844 0.028846153846153848 0.06971153846153846
0 0.3485576923076923 0.11658653846153846 0.13701923076923078 0.12259615384615384
0 0.31850961538461536 0.16826923076923078 0.13942307692307693 0.14423076923076922