0 0.38100961538461536 0.78125 0.08173076923076923 0.10096153846153846
0 0.35697115384615385 0.7175480769230769 0.07692307692307693 0.10096153846153846
0 0.5120192307692307 0.6682692307692307 0.06971153846153846 0.0889423076923077
0 0.9146634615384616 0.8725961538461539 0.08653846153846154 0.10817307692307693
0 0.3449519230769231 0.4951923076923077 0.07692307692307693 0.09615384615384616
0 0.296875 0.42908653846153844 0.06971153846153846 0.09375
0 0.6778846153846154 0.5973557692307693 0.06009615384615385 0.07692307692307693
0 0.9387019230769231 0.4338942307692308 0.055288461538461536 0.06971153846153846
0 0.9807692307692307 0.3581730769230769 0.014423076923076924 0.07211538461538461
0 0.9795673076923077 0.4110576923076923 0.021634615384615384 0.07211538461538461
0 0.9206730769230769 0.4807692307692308 0.05048076923076923 0.06009615384615385
0 0.21033653846153846 0.4807692307692308 0.0673076923076923 0.08413461538461539
0 0.20072115384615385 0.4483173076923077 0.052884615384615384 0.0673076923076923
0 0.44350961538461536 0.5949519230769231 0.07211538461538461 0.09134615384615384
0 0.7836538461538461 0.5504807692307693 0.06490384615384616 0.08653846153846154