0 0.021634615384615384 0.5637019230769231 0.038461538461538464 0.14423076923076922
0 0.2608173076923077 0.4675480769230769 0.07692307692307693 0.11057692307692307
0 0.26322115384615385 0.2668269230769231 0.11057692307692307 0.14903846153846154
0 0.6334134615384616 0.1466346153846154 0.10096153846153846 0.15865384615384615
0 0.7307692307692307 0.018028846153846152 0.10576923076923077 0.036057692307692304
0 0.49038461538461536 0.7175480769230769 0.10096153846153846 0.15865384615384615
0 0.3389423076923077 0.7992788461538461 0.10576923076923077 0.1346153846153846
0 0.38822115384615385 0.8365384615384616 0.09615384615384616 0.12980769230769232
0 0.5973557692307693 0.7127403846153846 0.10336538461538461 0.14903846153846154
0 0.5108173076923077 0.953125 0.10336538461538461 0.0889423076923077
0 0.9771634615384616 0.7151442307692307 0.026442307692307692 0.14423076923076922