0 0.7367788461538461 0.6911057692307693 0.0625 0.08173076923076923
0 0.6454326923076923 0.6262019230769231 0.0625 0.08173076923076923
0 0.5805288461538461 0.6490384615384616 0.06009615384615385 0.07451923076923077
0 0.5420673076923077 0.5997596153846154 0.0673076923076923 0.08413461538461539
0 0.5264423076923077 0.6201923076923077 0.06009615384615385 0.07451923076923077
0 0.46274038461538464 0.5144230769230769 0.08653846153846154 0.10096153846153846
0 0.328125 0.4543269230769231 0.052884615384615384 0.06009615384615385
0 0.027644230769230768 0.2764423076923077 0.055288461538461536 0.07692307692307693
0 0.2860576923076923 0.6887019230769231 0.1201923076923077 0.1201923076923077
0 0.6346153846153846 0.8930288461538461 0.07692307692307693 0.09375
0 0.26802884615384615 0.5661057692307693 0.08173076923076923 0.10096153846153846
0 0.44350961538461536 0.9002403846153846 0.07932692307692307 0.09375