0 0.14783653846153846 0.4026442307692308 0.10096153846153846 0.10336538461538461
0 0.13581730769230768 0.35096153846153844 0.11298076923076923 0.11538461538461539
0 0.3269230769230769 0.3701923076923077 0.09375 0.09375
0 0.36538461538461536 0.421875 0.0985576923076923 0.10096153846153846
0 0.2608173076923077 0.24158653846153846 0.0985576923076923 0.10096153846153846
0 0.5504807692307693 0.5120192307692307 0.12259615384615384 0.125
0 0.5673076923076923 0.4831730769230769 0.0889423076923077 0.0889423076923077
0 0.5997596153846154 0.4807692307692308 0.0889423076923077 0.0889423076923077
0 0.6586538461538461 0.49399038461538464 0.0985576923076923 0.0985576923076923
0 0.7379807692307693 0.5408653846153846 0.1201923076923077 0.12980769230769232
0 0.7427884615384616 0.2439903846153846 0.10817307692307693 0.11778846153846154
0 0.4795673076923077 0.0985576923076923 0.09615384615384616 0.10336538461538461
0 0.4362980769230769 0.039663461538461536 0.0889423076923077 0.0673076923076923
0 0.07211538461538461 0.038461538461538464 0.08653846153846154 0.07692307692307693