0 0.8653846153846154 0.9350961538461539 0.09375 0.125
0 0.3545673076923077 0.5973557692307693 0.0889423076923077 0.0889423076923077
0 0.13942307692307693 0.6358173076923077 0.10096153846153846 0.09375
0 0.14423076923076922 0.671875 0.09375 0.0889423076923077
0 0.4254807692307692 0.41947115384615385 0.09375 0.0889423076923077
0 0.4795673076923077 0.3545673076923077 0.07692307692307693 0.08173076923076923
0 0.43990384615384615 0.3173076923076923 0.09134615384615384 0.09615384615384616
0 0.390625 0.3317307692307692 0.07692307692307693 0.08413461538461539
0 0.9519230769230769 0.5540865384615384 0.06009615384615385 0.11538461538461539
0 0.7403846153846154 0.5733173076923077 0.07692307692307693 0.08173076923076923
0 0.7620192307692307 0.6045673076923077 0.09134615384615384 0.09615384615384616
0 0.8125 0.7367788461538461 0.09134615384615384 0.09615384615384616
0 0.7872596153846154 0.6730769230769231 0.08173076923076923 0.08653846153846154
0 0.6225961538461539 0.38822115384615385 0.08173076923076923 0.08653846153846154
0 0.17427884615384615 0.34975961538461536 0.10576923076923077 0.10817307692307693