0 0.546875 0.5600961538461539 0.07932692307692307 0.10817307692307693
0 0.5120192307692307 0.5997596153846154 0.06971153846153846 0.0889423076923077
0 0.46274038461538464 0.6574519230769231 0.10096153846153846 0.11538461538461539
0 0.5324519230769231 0.6310096153846154 0.057692307692307696 0.06009615384615385
0 0.3605769230769231 0.6995192307692307 0.06009615384615385 0.0673076923076923
0 0.32091346153846156 0.6802884615384616 0.07211538461538461 0.09615384615384616
0 0.2512019230769231 0.7067307692307693 0.06009615384615385 0.06971153846153846
0 0.18028846153846154 0.7211538461538461 0.06490384615384616 0.07932692307692307
0 0.16826923076923078 0.6995192307692307 0.06009615384615385 0.07932692307692307
0 0.1622596153846154 0.6057692307692307 0.05048076923076923 0.0673076923076923
0 0.12139423076923077 0.625 0.05048076923076923 0.0673076923076923