0 0.36899038461538464 0.039663461538461536 0.17307692307692307 0.038461538461538464
0 0.6935096153846154 0.08413461538461539 0.14903846153846154 0.14903846153846154
0 0.5949519230769231 0.09495192307692307 0.14903846153846154 0.14903846153846154
0 0.5721153846153846 0.2127403846153846 0.17067307692307693 0.1778846153846154
0 0.5456730769230769 0.36177884615384615 0.12259615384615384 0.12980769230769232
0 0.7019230769230769 0.4098557692307692 0.11538461538461539 0.125
0 0.7295673076923077 0.2776442307692308 0.12740384615384615 0.13942307692307693
0 0.8581730769230769 0.18389423076923078 0.10817307692307693 0.10576923076923077
0 0.8942307692307693 0.06490384615384616 0.09615384615384616 0.08653846153846154
0 0.09375 0.6334134615384616 0.1875 0.19951923076923078
0 0.052884615384615384 0.6009615384615384 0.10576923076923077 0.21153846153846154
0 0.14302884615384615 0.6778846153846154 0.10817307692307693 0.11778846153846154
0 0.17427884615384615 0.6502403846153846 0.09615384615384616 0.10576923076923077