0 0.43028846153846156 0.20673076923076922 0.07932692307692307 0.09375
0 0.3894230769230769 0.24759615384615385 0.07932692307692307 0.09375
0 0.4074519230769231 0.13822115384615385 0.08173076923076923 0.07692307692307693
0 0.22956730769230768 0.38100961538461536 0.08173076923076923 0.10817307692307693
0 0.38221153846153844 0.43990384615384615 0.08173076923076923 0.10817307692307693
0 0.08173076923076923 0.43149038461538464 0.08173076923076923 0.10817307692307693
0 0.203125 0.3329326923076923 0.08173076923076923 0.10817307692307693
0 0.8509615384615384 0.25721153846153844 0.0625 0.07692307692307693
0 0.9050480769230769 0.26802884615384615 0.057692307692307696 0.0673076923076923
0 0.6947115384615384 0.31009615384615385 0.057692307692307696 0.0673076923076923
0 0.9519230769230769 0.7608173076923077 0.07451923076923077 0.0889423076923077
0 0.2548076923076923 0.8870192307692307 0.07451923076923077 0.0889423076923077
0 0.1622596153846154 0.9387019230769231 0.0889423076923077 0.10817307692307693
0 0.078125 0.78125 0.07211538461538461 0.09615384615384616