0 0.4891826923076923 0.421875 0.09615384615384616 0.10336538461538461
0 0.5372596153846154 0.3954326923076923 0.08413461538461539 0.08413461538461539
0 0.6033653846153846 0.3605769230769231 0.12259615384615384 0.11057692307692307
0 0.5336538461538461 0.35697115384615385 0.06971153846153846 0.06009615384615385
0 0.7079326923076923 0.3629807692307692 0.06971153846153846 0.06490384615384616
0 0.734375 0.39663461538461536 0.09134615384615384 0.09134615384615384
0 0.8004807692307693 0.40024038461538464 0.07451923076923077 0.06971153846153846
0 0.8689903846153846 0.41466346153846156 0.07932692307692307 0.07451923076923077
0 0.8677884615384616 0.4411057692307692 0.07451923076923077 0.07451923076923077
0 0.8305288461538461 0.5348557692307693 0.0625 0.06490384615384616
0 0.8737980769230769 0.5348557692307693 0.0625 0.06490384615384616