0 0.6117788461538461 0.35216346153846156 0.10336538461538461 0.11057692307692307
0 0.421875 0.359375 0.09134615384615384 0.09375
0 0.8810096153846154 0.09375 0.0673076923076923 0.0889423076923077
0 0.41346153846153844 0.6430288461538461 0.04807692307692308 0.04567307692307692
0 0.3485576923076923 0.6586538461538461 0.04807692307692308 0.04567307692307692
0 0.25961538461538464 0.6189903846153846 0.03365384615384615 0.028846153846153848
0 0.28725961538461536 0.6117788461538461 0.03365384615384615 0.028846153846153848
0 0.37740384615384615 0.5552884615384616 0.03365384615384615 0.028846153846153848
0 0.5276442307692307 0.5528846153846154 0.03365384615384615 0.028846153846153848
0 0.4170673076923077 0.5024038461538461 0.03125 0.028846153846153848
0 0.24759615384615385 0.578125 0.03125 0.028846153846153848
0 0.21995192307692307 0.546875 0.03125 0.028846153846153848
0 0.18389423076923078 0.5108173076923077 0.03125 0.028846153846153848
0 0.12620192307692307 0.5588942307692307 0.03125 0.028846153846153848
0 0.09134615384615384 0.5889423076923077 0.03125 0.028846153846153848