0 0.6129807692307693 0.8389423076923077 0.07451923076923077 0.09134615384615384
0 0.6382211538461539 0.7920673076923077 0.06971153846153846 0.09134615384615384
0 0.4831730769230769 0.6538461538461539 0.06009615384615385 0.08173076923076923
0 0.0733173076923077 0.609375 0.07451923076923077 0.10096153846153846
0 0.65625 0.5877403846153846 0.06971153846153846 0.0889423076923077
0 0.7043269230769231 0.5516826923076923 0.06009615384615385 0.0889423076923077
0 0.3173076923076923 0.4891826923076923 0.052884615384615384 0.06971153846153846
0 0.06009615384615385 0.1778846153846154 0.05048076923076923 0.06490384615384616
0 0.014423076923076924 0.07211538461538461 0.028846153846153848 0.0673076923076923
0 0.015625 0.125 0.03125 0.0673076923076923
0 0.07572115384615384 0.23197115384615385 0.04326923076923077 0.055288461538461536
0 0.7896634615384616 0.6514423076923077 0.057692307692307696 0.07692307692307693
0 0.8028846153846154 0.6262019230769231 0.04807692307692308 0.0625
0 0.5528846153846154 0.6225961538461539 0.06490384615384616 0.08413461538461539
0 0.21153846153846154 0.38100961538461536 0.055288461538461536 0.07932692307692307