0 0.7728365384615384 0.8353365384615384 0.04807692307692308 0.07211538461538461
0 0.5600961538461539 0.7572115384615384 0.06009615384615385 0.08173076923076923
0 0.5396634615384616 0.7512019230769231 0.06009615384615385 0.08173076923076923
0 0.5144230769230769 0.8629807692307693 0.06009615384615385 0.0985576923076923
0 0.48197115384615385 0.828125 0.05048076923076923 0.07932692307692307
0 0.44711538461538464 0.7439903846153846 0.06971153846153846 0.09375
0 0.4735576923076923 0.7367788461538461 0.04567307692307692 0.07451923076923077
0 0.39903846153846156 0.6622596153846154 0.06009615384615385 0.09134615384615384
0 0.35096153846153844 0.6634615384615384 0.06009615384615385 0.0985576923076923
0 0.35216346153846156 0.6850961538461539 0.057692307692307696 0.0889423076923077
0 0.13942307692307693 0.6995192307692307 0.04326923076923077 0.07211538461538461
0 0.10576923076923077 0.6766826923076923 0.04326923076923077 0.07211538461538461
0 0.028846153846153848 0.6935096153846154 0.04326923076923077 0.09134615384615384
0 0.109375 0.7439903846153846 0.038461538461538464 0.07932692307692307
0 0.125 0.7415865384615384 0.036057692307692304 0.06971153846153846