0 0.828125 0.057692307692307696 0.12259615384615384 0.11538461538461539
0 0.7223557692307693 0.20192307692307693 0.11778846153846154 0.14903846153846154
0 0.6766826923076923 0.11177884615384616 0.0985576923076923 0.14182692307692307
0 0.5649038461538461 0.22716346153846154 0.0985576923076923 0.14182692307692307
0 0.6526442307692307 0.3449519230769231 0.11298076923076923 0.1346153846153846
0 0.6045673076923077 0.35697115384615385 0.11298076923076923 0.1346153846153846
0 0.7079326923076923 0.484375 0.10096153846153846 0.13221153846153846
0 0.4098557692307692 0.35697115384615385 0.09615384615384616 0.14182692307692307
0 0.3449519230769231 0.3557692307692308 0.11298076923076923 0.14423076923076922
0 0.22115384615384615 0.3581730769230769 0.09134615384615384 0.11778846153846154
0 0.2956730769230769 0.2127403846153846 0.09134615384615384 0.11778846153846154