0 0.20673076923076922 0.5600961538461539 0.06490384615384616 0.06490384615384616
0 0.5132211538461539 0.32572115384615385 0.06490384615384616 0.0625
0 0.3401442307692308 0.5504807692307693 0.052884615384615384 0.05048076923076923
0 0.4182692307692308 0.6177884615384616 0.06009615384615385 0.052884615384615384
0 0.8822115384615384 0.16105769230769232 0.07692307692307693 0.06009615384615385
0 0.7199519230769231 0.28125 0.055288461538461536 0.04567307692307692
0 0.6574519230769231 0.0889423076923077 0.08413461538461539 0.0985576923076923
0 0.19230769230769232 0.0985576923076923 0.04807692307692308 0.052884615384615384
0 0.9459134615384616 0.02283653846153846 0.055288461538461536 0.04567307692307692
0 0.9579326923076923 0.6274038461538461 0.036057692307692304 0.06009615384615385
0 0.8293269230769231 0.296875 0.038461538461538464 0.05048076923076923