0 0.8221153846153846 0.8810096153846154 0.08173076923076923 0.08173076923076923
0 0.9206730769230769 0.8701923076923077 0.09375 0.10576923076923077
0 0.7896634615384616 0.6322115384615384 0.09375 0.10576923076923077
0 0.7211538461538461 0.5805288461538461 0.08173076923076923 0.09615384615384616
0 0.6586538461538461 0.5829326923076923 0.08173076923076923 0.09615384615384616
0 0.71875 0.6322115384615384 0.07211538461538461 0.08413461538461539
0 0.7572115384615384 0.5600961538461539 0.10096153846153846 0.11057692307692307
0 0.84375 0.4543269230769231 0.11057692307692307 0.12259615384615384
0 0.2824519230769231 0.25841346153846156 0.1346153846153846 0.125
0 0.9771634615384616 0.7379807692307693 0.040865384615384616 0.09615384615384616
0 0.59375 0.8269230769230769 0.06971153846153846 0.08413461538461539