0 0.9627403846153846 0.4891826923076923 0.04807692307692308 0.12259615384615384
0 0.7115384615384616 0.42908653846153844 0.0985576923076923 0.09615384615384616
0 0.6514423076923077 0.22716346153846154 0.14423076923076922 0.12980769230769232
0 0.27403846153846156 0.16947115384615385 0.1346153846153846 0.13942307692307693
0 0.1346153846153846 0.03365384615384615 0.13942307692307693 0.0673076923076923
0 0.5733173076923077 0.7151442307692307 0.1346153846153846 0.13942307692307693
0 0.7379807692307693 0.7752403846153846 0.14182692307692307 0.11538461538461539
0 0.703125 0.8185096153846154 0.12740384615384615 0.11538461538461539
0 0.4723557692307692 0.7283653846153846 0.13701923076923078 0.12980769230769232
0 0.6262019230769231 0.9567307692307693 0.13221153846153846 0.08413461538461539
0 0.125 0.7920673076923077 0.03125 0.12259615384615384