0 0.7896634615384616 0.49759615384615385 0.057692307692307696 0.06490384615384616
0 0.47596153846153844 0.3269230769230769 0.06009615384615385 0.0625
0 0.6574519230769231 0.515625 0.04807692307692308 0.04807692307692308
0 0.5889423076923077 0.6021634615384616 0.057692307692307696 0.052884615384615384
0 0.1045673076923077 0.23798076923076922 0.06971153846153846 0.06009615384615385
0 0.27283653846153844 0.3233173076923077 0.05048076923076923 0.04326923076923077
0 0.31971153846153844 0.11538461538461539 0.07692307692307693 0.09615384615384616
0 0.7728365384615384 0.025240384615384616 0.04807692307692308 0.05048076923076923
0 0.03485576923076923 0.10697115384615384 0.04807692307692308 0.052884615384615384
0 0.052884615384615384 0.7307692307692307 0.05048076923076923 0.055288461538461536
0 0.16706730769230768 0.36658653846153844 0.036057692307692304 0.04807692307692308