0 0.9735576923076923 0.7079326923076923 0.04807692307692308 0.10336538461538461
0 0.9891826923076923 0.6334134615384616 0.016826923076923076 0.10336538461538461
0 0.7043269230769231 0.5324519230769231 0.13221153846153846 0.11538461538461539
0 0.6911057692307693 0.5973557692307693 0.09615384615384616 0.08413461538461539
0 0.7259615384615384 0.6538461538461539 0.1201923076923077 0.0889423076923077
0 0.7620192307692307 0.7091346153846154 0.1201923076923077 0.10336538461538461
0 0.7560096153846154 0.7836538461538461 0.1201923076923077 0.10336538461538461
0 0.7836538461538461 0.8629807692307693 0.0889423076923077 0.07451923076923077
0 0.2776442307692308 0.8317307692307693 0.125 0.10817307692307693
0 0.11658653846153846 0.5600961538461539 0.07451923076923077 0.06490384615384616
0 0.04326923076923077 0.3641826923076923 0.08653846153846154 0.11298076923076923
0 0.328125 0.3942307692307692 0.11057692307692307 0.10096153846153846
0 0.6706730769230769 0.17307692307692307 0.13221153846153846 0.10576923076923077
0 0.7127403846153846 0.125 0.1201923076923077 0.10336538461538461
0 0.9110576923076923 0.3605769230769231 0.0889423076923077 0.09615384615384616
0 0.984375 0.8701923076923077 0.026442307692307692 0.09134615384615384