0 0.359375 0.41947115384615385 0.12259615384615384 0.12259615384615384
0 0.21514423076923078 0.6322115384615384 0.12259615384615384 0.12259615384615384
0 0.44591346153846156 0.8713942307692307 0.12259615384615384 0.12259615384615384
0 0.5168269230769231 0.8737980769230769 0.1466346153846154 0.14903846153846154
0 0.7944711538461539 0.6069711538461539 0.11778846153846154 0.11538461538461539
0 0.625 0.3245192307692308 0.11778846153846154 0.11538461538461539
0 0.6959134615384616 0.2764423076923077 0.11778846153846154 0.11538461538461539
0 0.7524038461538461 0.19831730769230768 0.08413461538461539 0.08653846153846154
0 0.6598557692307693 0.2536057692307692 0.06009615384615385 0.0625
0 0.8834134615384616 0.4879807692307692 0.08173076923076923 0.07932692307692307
0 0.8725961538461539 0.5036057692307693 0.08173076923076923 0.07932692307692307
0 0.8317307692307693 0.515625 0.0673076923076923 0.0673076923076923
0 0.8521634615384616 0.4423076923076923 0.0673076923076923 0.0673076923076923