0 0.2776442307692308 0.15745192307692307 0.07451923076923077 0.06971153846153846
0 0.6538461538461539 0.10817307692307693 0.07451923076923077 0.06971153846153846
0 0.7115384615384616 0.1141826923076923 0.07932692307692307 0.07692307692307693
0 0.15865384615384615 0.6129807692307693 0.07932692307692307 0.07692307692307693
0 0.21634615384615385 0.6129807692307693 0.06490384615384616 0.0625
0 0.359375 0.8605769230769231 0.08413461538461539 0.08413461538461539
0 0.640625 0.6586538461538461 0.08173076923076923 0.08173076923076923
0 0.6237980769230769 0.6610576923076923 0.11057692307692307 0.11057692307692307
0 0.6658653846153846 0.5396634615384616 0.11057692307692307 0.11057692307692307
0 0.7728365384615384 0.5384615384615384 0.11057692307692307 0.11057692307692307
0 0.90625 0.5024038461538461 0.10336538461538461 0.11778846153846154