0 0.3173076923076923 0.953125 0.11538461538461539 0.0889423076923077
0 0.8209134615384616 0.71875 0.07211538461538461 0.07692307692307693
0 0.037259615384615384 0.9014423076923077 0.07451923076923077 0.11057692307692307
0 0.28966346153846156 0.4855769230769231 0.12980769230769232 0.12980769230769232
0 0.5168269230769231 0.25240384615384615 0.11057692307692307 0.12259615384615384
0 0.5829326923076923 0.19591346153846154 0.11778846153846154 0.13942307692307693
0 0.4567307692307692 0.15865384615384615 0.10096153846153846 0.11778846153846154
0 0.6754807692307693 0.06370192307692307 0.1201923076923077 0.12740384615384615
0 0.0889423076923077 0.32211538461538464 0.02403846153846154 0.15625
0 0.21634615384615385 0.32572115384615385 0.10576923076923077 0.13701923076923078
0 0.35216346153846156 0.3473557692307692 0.12259615384615384 0.125