0 0.11778846153846154 0.6646634615384616 0.09375 0.07692307692307693
0 0.2860576923076923 0.6274038461538461 0.08413461538461539 0.0673076923076923
0 0.4411057692307692 0.7956730769230769 0.08653846153846154 0.07932692307692307
0 0.6887019230769231 0.9278846153846154 0.07932692307692307 0.055288461538461536
0 0.7271634615384616 0.9266826923076923 0.07932692307692307 0.04567307692307692
0 0.8401442307692307 0.43509615384615385 0.0889423076923077 0.08653846153846154
0 0.8617788461538461 0.47596153846153844 0.07451923076923077 0.06971153846153846
0 0.8064903846153846 0.15264423076923078 0.07451923076923077 0.07692307692307693
0 0.43149038461538464 0.22716346153846154 0.07932692307692307 0.07692307692307693
0 0.23197115384615385 0.5228365384615384 0.06490384615384616 0.0625
0 0.07692307692307693 0.7415865384615384 0.06971153846153846 0.0673076923076923