0 0.28365384615384615 0.44711538461538464 0.11057692307692307 0.1466346153846154
0 0.7572115384615384 0.36658653846153844 0.12259615384615384 0.16346153846153846
0 0.7379807692307693 0.18028846153846154 0.12259615384615384 0.1778846153846154
0 0.6887019230769231 0.2283653846153846 0.1346153846153846 0.1778846153846154
0 0.6838942307692307 0.30528846153846156 0.125 0.11778846153846154
0 0.6057692307692307 0.2283653846153846 0.09375 0.14182692307692307
0 0.5540865384615384 0.24879807692307693 0.125 0.20432692307692307
0 0.5745192307692307 0.36177884615384615 0.08173076923076923 0.11778846153846154
0 0.5240384615384616 0.53125 0.07451923076923077 0.10817307692307693
0 0.5264423076923077 0.3858173076923077 0.07451923076923077 0.0985576923076923
0 0.5288461538461539 0.43990384615384615 0.06971153846153846 0.07932692307692307