0 0.9326923076923077 0.4230769230769231 0.08653846153846154 0.0985576923076923
0 0.7860576923076923 0.6850961538461539 0.0985576923076923 0.1201923076923077
0 0.7908653846153846 0.7704326923076923 0.0985576923076923 0.1201923076923077
0 0.41586538461538464 0.7211538461538461 0.09134615384615384 0.0985576923076923
0 0.6742788461538461 0.8689903846153846 0.09615384615384616 0.11778846153846154
0 0.5925480769230769 0.9182692307692307 0.0889423076923077 0.08413461538461539
0 0.5612980769230769 0.9290865384615384 0.0889423076923077 0.07451923076923077
0 0.2644230769230769 0.8966346153846154 0.08653846153846154 0.10576923076923077
0 0.25600961538461536 0.8449519230769231 0.08653846153846154 0.10576923076923077
0 0.1875 0.5949519230769231 0.08653846153846154 0.10576923076923077
0 0.05048076923076923 0.5757211538461539 0.06971153846153846 0.08413461538461539
0 0.3293269230769231 0.46153846153846156 0.08173076923076923 0.10576923076923077
0 0.4362980769230769 0.43990384615384615 0.08653846153846154 0.11057692307692307