0 0.13581730769230768 0.09254807692307693 0.10576923076923077 0.14182692307692307
0 0.2536057692307692 0.2439903846153846 0.10336538461538461 0.12740384615384615
0 0.2860576923076923 0.13822115384615385 0.08653846153846154 0.12259615384615384
0 0.40625 0.23076923076923078 0.08653846153846154 0.12259615384615384
0 0.3389423076923077 0.3786057692307692 0.10096153846153846 0.11538461538461539
0 0.38221153846153844 0.3762019230769231 0.10096153846153846 0.11538461538461539
0 0.3016826923076923 0.5348557692307693 0.09134615384615384 0.11538461538461539
0 0.5697115384615384 0.3293269230769231 0.08413461538461539 0.12259615384615384
0 0.6286057692307693 0.3112980769230769 0.0985576923076923 0.12259615384615384
0 0.7463942307692307 0.2848557692307692 0.07932692307692307 0.10096153846153846
0 0.6574519230769231 0.15144230769230768 0.07932692307692307 0.10096153846153846