0 0.28846153846153844 0.07692307692307693 0.09375 0.09375
0 0.5036057692307693 0.10096153846153846 0.10336538461538461 0.10336538461538461
0 0.29927884615384615 0.21394230769230768 0.10336538461538461 0.10336538461538461
0 0.43509615384615385 0.5180288461538461 0.10336538461538461 0.10336538461538461
0 0.4723557692307692 0.5805288461538461 0.10336538461538461 0.10336538461538461
0 0.609375 0.4567307692307692 0.10096153846153846 0.09375
0 0.9122596153846154 0.2668269230769231 0.09134615384615384 0.08413461538461539
0 0.8389423076923077 0.18990384615384615 0.09134615384615384 0.08413461538461539
0 0.9158653846153846 0.11298076923076923 0.10576923076923077 0.0889423076923077
0 0.953125 0.10336538461538461 0.0889423076923077 0.09134615384615384
0 0.4879807692307692 0.03245192307692308 0.11057692307692307 0.06490384615384616
0 0.34615384615384615 0.057692307692307696 0.10576923076923077 0.0889423076923077