0 0.4519230769230769 0.6862980769230769 0.10096153846153846 0.11778846153846154
0 0.4795673076923077 0.5985576923076923 0.10096153846153846 0.11778846153846154
0 0.26322115384615385 0.3137019230769231 0.11057692307692307 0.13221153846153846
0 0.4639423076923077 0.41586538461538464 0.09134615384615384 0.10576923076923077
0 0.42788461538461536 0.1502403846153846 0.10096153846153846 0.11538461538461539
0 0.3293269230769231 0.10576923076923077 0.11057692307692307 0.12740384615384615
0 0.3942307692307692 0.042067307692307696 0.08413461538461539 0.06971153846153846
0 0.04567307692307692 0.20673076923076922 0.09134615384615384 0.1201923076923077
0 0.025240384615384616 0.2704326923076923 0.05048076923076923 0.11778846153846154
0 0.09495192307692307 0.5276442307692307 0.07451923076923077 0.09615384615384616
0 0.84375 0.43149038461538464 0.07451923076923077 0.07932692307692307
0 0.8076923076923077 0.4855769230769231 0.06009615384615385 0.06490384615384616
0 0.7175480769230769 0.36658653846153844 0.07211538461538461 0.07932692307692307
0 0.6177884615384616 0.5697115384615384 0.0673076923076923 0.06971153846153846
0 0.390625 0.7932692307692307 0.10336538461538461 0.125
0 0.47475961538461536 0.8076923076923077 0.09134615384615384 0.10336538461538461