0 0.25 0.6610576923076923 0.22355769230769232 0.21394230769230768
0 0.14783653846153846 0.8389423076923077 0.16346153846153846 0.15625
0 0.19230769230769232 0.9675480769230769 0.16826923076923078 0.06009615384615385
0 0.29447115384615385 0.9711538461538461 0.13221153846153846 0.052884615384615384
0 0.1466346153846154 0.265625 0.1201923076923077 0.17067307692307693
0 0.6923076923076923 0.3894230769230769 0.14182692307692307 0.1346153846153846
0 0.3942307692307692 0.8605769230769231 0.11057692307692307 0.10576923076923077
0 0.8461538461538461 0.6538461538461539 0.08173076923076923 0.08173076923076923
0 0.8461538461538461 0.7487980769230769 0.08173076923076923 0.08173076923076923
0 0.26322115384615385 0.28125 0.10817307692307693 0.11298076923076923
0 0.17307692307692307 0.41466346153846156 0.10817307692307693 0.11298076923076923