1 97.3333333333 181.33333333299998 70.1166988389 74.4749625189
1 62.6666666667 116.0 51.1150734536 54.2922476763
1 85.3333333333 11.333333333299999 51.1150734536 54.2922476763
1 142.66666666700002 0.0 37.2628885476 39.579048556
1 31.3333333333 438.66666666699996 54.5565951226 57.9476849908
1 318.666666667 244.0 44.1908420493 46.9376248426
1 193.684210526 54.210526315799996 33.7789110512 38.294177523
1 413.68421052599996 70.5263157895 24.624826156399998 27.9164554143
1 415.78947368400003 17.3684210526 24.624826156399998 27.9164554143
1 110.0 407.368421053 32.447887178 40.872482372
1 70.0 353.157894737 32.447887178 40.872482372
