1 288.0 150.66666666700002 23.3517616173 27.2835681085
1 24.0 340.0 48.0841461199 56.1802187391
1 132.0 419.33333333300004 48.0841461199 56.1802187391
1 140.66666666700002 20.6666666667 20.083877674500002 23.465460696199997
1 267.333333333 0.0 29.404805303299998 34.3557810052
1 4.73684210526 31.5789473684 30.1273647808 39.6985272981
1 28.947368421100002 5.26315789474 30.1273647808 39.6985272981
1 343.157894737 384.736842105 21.9628489252 28.940226400300002
1 1.5789473684200002 437.894736842 38.5194413388 56.3963140641
1 163.15789473700002 387.894736842 28.080672736 32.9684448968
