0 0.1198947368422 0.2142105263158 0.0857435524 0.10374969840400002
0 0.24515789473599997 0.323894736842 0.08574355240000003 0.0933747285636
0 0.269789473684 0.207052631579 0.06945227744400001 0.0933747285636
0 0.39294736842199995 0.257578947368 0.06945227744400001 0.0933747285636
0 0.333578947368 0.43147368421 0.08403725570720001 0.08403725570720001
0 0.378842105264 0.414631578948 0.08403725570720001 0.08403725570720001
0 0.307578947368 0.605157894736 0.07563353013659997 0.08403725570719996
0 0.558210526316 0.30178947368400005 0.06807017712280003 0.09244098127799998
0 0.614736842106 0.26389473684200004 0.08236491431859998 0.092440981278
0 0.7288421052639998 0.194947368421 0.06671558059819994 0.07487719483520001
0 0.635157894736 0.0907368421052 0.06671558059819994 0.07487719483520001
