0 0.02380952380952 0.6405714285719999 0.0429628447316 0.10636904912360001
0 0.276666666666 0.63419047619 0.06290190097140001 0.07754303681099999
0 0.305047619048 0.8328571428579999 0.09209467321220001 0.10320978199559999
0 0.674285714286 0.796 0.08205635383200001 0.11353076019519995
0 0.7933333333339999 0.9388571428579999 0.08205635383200001 0.11353076019520006
0 0.4609523809519999 0.289333333334 0.08205635383200001 0.11353076019519998
0 0.304952380952 0.26876190476199996 0.08935936932319999 0.091959915758
0 0.348571428572 0.2125714285714 0.08042343239079998 0.091959915758
0 0.564352941176 0.24729411764700002 0.0868852495612 0.10619308279699999
0 0.44670588235199993 0.0375294117647 0.0868852495612 0.069673281623
0 0.957176470588 0.0794117647058 0.07436430703420001 0.100988565108
