0 0.2103157894736 0.628 0.051813092248599986 0.05813208176739999
0 0.383789473684 0.593157894736 0.056994401473399986 0.0639452899442
0 0.404842105264 0.537368421052 0.056994401473399986 0.06394528994419994
0 0.44294736842199994 0.55852631579 0.05129496132600002 0.05755076094979995
0 0.258421052632 0.818210526316 0.062066903204399976 0.06963642074920005
0 0.21 0.86347368421 0.062066903204400004 0.06963642074920005
0 0.36347368421 0.12326315789479998 0.06827359352500002 0.076600062824
0 0.7521052631580001 0.40452631579000004 0.06144623417239996 0.06894005654160003
0 0.8468421052639998 0.5392631578939999 0.06144623417239996 0.06894005654159997
0 0.895578947368 0.43547368421 0.04977144967959998 0.05584144579880001
0 0.9387368421060001 0.48178947368400005 0.04927373518280001 0.055283031340799996
0 0.9124210526319999 0.489157894736 0.04927373518280001 0.055283031340799996
0 0.9735789473680001 0.665789473684 0.04434636166459995 0.06081133447479999
0 0.730352941176 0.0896470588236 0.05797835999999995 0.0644204
