0 0.2115 0.4725 0.049879236682400005 0.06035387638579999
0 0.4985 0.6735 0.05296179534800001 0.05596237822299997
0 0.345 0.46825 0.04247006368960001 0.04442746878619999
0 0.4265 0.389 0.050874889293600005 0.048870215664800015
0 0.8525 0.801 0.06155861604539996 0.053757237231199954
0 0.70075 0.698 0.044427468786200054 0.039189025941599995
0 0.62325 0.899 0.06504625704980004 0.0896611323308
0 0.15675 0.94325 0.03840916432520001 0.04717310580879996
0 0.905 0.93825 0.04225008075779999 0.04717310580879996
0 0.9775 0.319 0.04225008075779999 0.05189041638959998
0 0.812 0.667 0.030800308872400022 0.045314297219199946
