0 0.24764705882400004 0.5358823529419999 0.06349821126079999 0.0631905382846
0 0.27117647058800004 0.591176470588 0.06349821126079999 0.06319053828460006
0 0.398588235294 0.548823529412 0.05714839013459999 0.06319053828460006
0 0.339294117648 0.18164705882360002 0.05091921560999998 0.05118433601040002
0 0.6762352941180001 0.622117647058 0.056011137170999974 0.05630276961139998
0 0.747647058824 0.79 0.06161225088799995 0.06193304657260001
0 0.8905882352939999 0.778823529412 0.08200590593200002 0.08243288498820005
0 0.860705882352 0.621764705882 0.0723365895636 0.0600935731564
0 0.236705882352 0.8123529411760001 0.06510293060719999 0.0600935731564
0 0.34447058823599996 0.394235294118 0.05800671117100001 0.05354337368239999
