0 0.458476190476 0.483523809524 0.09977161956779998 0.11069514314259998
0 0.293142857142 0.9099047619039999 0.07273351066499999 0.09962562882819997
0 0.37838095238 0.9483809523800001 0.053022729274799986 0.07262708341580003
0 0.403904761904 0.951523809524 0.08539363572420001 0.08699998322379997
0 0.5389523809519999 0.916285714286 0.07685427215179999 0.08699998322379997
0 0.540476190476 0.28638095238 0.06225196044299997 0.07046998641120002
0 0.42304761904800003 0.133619047619 0.0911430952846 0.09379555191340001
0 0.0850476190476 0.1602857142858 0.053819086334599996 0.055385335449400004
0 0.0802857142858 0.1298095238096 0.0538190863346 0.055385335449400004
0 0.0355238095238 0.17266666666660002 0.0538190863346 0.055385335449400004
