0 0.1141904761904 0.16676190476200003 0.07609736037399997 0.08572575345
0 0.0871428571428 0.15019047619040002 0.061638861902800005 0.0694378602944
0 0.076 0.1648571428572 0.0745830229024 0.08401981095620002
0 0.45961904762 0.569333333334 0.06712472061220001 0.07561782986059995
0 0.645333333334 0.600761904762 0.06712472061220001 0.07561782986059995
0 0.786476190476 0.854285714286 0.07383719267339996 0.08317961284679995
0 0.76038095238 0.772952380952 0.05980812606539996 0.06737548640579996
0 0.7083809523800001 0.9085714285719999 0.07236783253919998 0.08152433855100003
0 0.546095238096 0.9234285714280001 0.05861794435679997 0.06603471422639996
0 0.60961904762 0.9726666666660001 0.047480534928999986 0.05348811852339998
