0 0.714421052632 0.507368421052 0.09376348908040007 0.12286995765479998
0 0.2247368421052 0.6944210526319999 0.10313983798839998 0.1351569534202
0 0.2247368421052 0.880315789474 0.1021084396084 0.14867264876219996
0 0.28136842105200005 0.82147368421 0.11119609073360001 0.14718592227459998
0 0.293052631578 0.739578947368 0.1078934556428 0.0965686836044
0 0.36431578947400006 0.8032631578939999 0.07865432916359998 0.1168481071612
0 0.41936842105199995 0.7713684210519999 0.10468891211659996 0.1693665405578
0 0.40978947368400004 0.65947368421 0.0686863952398 0.10000924853399999
0 0.47947368421 0.47242105263199996 0.06181775571579999 0.09000832368060002
0 0.46157894736800004 0.6221052631580001 0.06119957815859999 0.0810074913126
0 0.46368421052599995 0.568842105264 0.06058758237699999 0.06561606796319995
