0 0.1375238095238 0.1157142857142 0.056956884597200004 0.0603275076086
0 0.14133333333339998 0.44533333333400005 0.056387315751200005 0.06636025836940002
0 0.270666666666 0.585142857142 0.09081233589059999 0.09618647373600003
0 0.372571428572 0.71180952381 0.09081233589059996 0.09618647373600003
0 0.46304761904800007 0.71580952381 0.09081233589059996 0.10474706989840002
0 0.374285714286 0.801238095238 0.08173110230160001 0.09427236290860003
0 0.41238095238 0.82980952381 0.08173110230160001 0.09427236290860003
0 0.1865714285714 0.878857142858 0.11966250687959999 0.11406955911939996
0 0.804 0.505 0.06877769854379995 0.08322101523800006
0 0.35375 0.0285 0.083221015238 0.0546013080978
