0 0.6366666666659999 0.36466666666599995 0.07973858811060006 0.06340493282699998
0 0.610666666666 0.42866666666599995 0.0645882563696 0.0843919655926
0 0.778 0.405333333334 0.07104708200660002 0.07444130892959998
0 0.702 0.13866666666660002 0.07104708200660002 0.07444130892959999
0 0.9193333333339999 0.5973333333340001 0.07104708200660002 0.09007398380480004
0 0.9626666666660001 0.417333333334 0.0575481364254 0.0650072948518
0 0.364 0.537333333334 0.03398159907780001 0.03420206636559999
0 0.338666666666 0.552666666666 0.04975245920980001 0.05508276990239994
0 0.192 0.14 0.0662205232082 0.07331516673999999
0 0.1653333333334 0.038 0.03449197428299999 0.038962685527399996
0 0.1173333333334 0.012 0.03313285287320001 0.01844937438642
