0 0.83652631579 0.26873684210599996 0.05449384253719995 0.06964987382800002
0 0.39031578947400003 0.49957894736800007 0.04855401370060002 0.056416397800599954
0 0.22389473684220002 0.7501052631580001 0.05340941507060001 0.056416397800599954
0 0.290210526316 0.709052631578 0.05340941507060001 0.056416397800599954
0 0.334421052632 0.733263157894 0.05340941507060001 0.056416397800599954
0 0.5361052631580001 0.8193684210519999 0.071087931459 0.06758120292540003
0 0.58452631579 0.958315789474 0.07108793145899994 0.06758120292540003
0 0.616421052632 0.567894736842 0.05758122448179995 0.060214851806599995
0 0.708 0.495263157894 0.05758122448179995 0.06021485180660005
0 0.0604210526316 0.7306315789480001 0.0275409211678 0.0395069642702
0 0.050947368421 0.7116842105260001 0.0275409211678 0.0395069642702
0 0.9498947368419999 0.9244210526319999 0.06494005147580004 0.07395426652519996
0 0.9453684210519999 0.9811578947360001 0.07779168766279997 0.03930232935640004
0 0.729368421052 0.76747368421 0.04593521364800006 0.03930232935640004
