0 0.7926315789480001 0.277578947368 0.04215275809939999 0.05278655925380002
0 0.580842105264 0.266947368422 0.05100483730020005 0.058065215179000006
0 0.559789473684 0.26589473684200005 0.05100483730020005 0.05806521517899998
0 0.544 0.1424210526316 0.05100483730020005 0.069556321263
0 0.510421052632 0.1637894736842 0.04544531003439999 0.056340620223
0 0.47 0.23410526315799998 0.06048770765580002 0.06614736942880003
0 0.494842105264 0.251263157894 0.03968598499300004 0.05357936923739999
0 0.41547368420999997 0.295157894736 0.05282204602579998 0.06483103677719998
0 0.369157894736 0.274 0.05229382556539997 0.07060099905039999
0 0.37252631579 0.253157894736 0.047064443009 0.06354089914520003
0 0.1674736842106 0.1482105263158 0.038122198837199986 0.05146812830760001
0 0.1316842105264 0.15663157894739999 0.038122198837199986 0.05146812830760001
0 0.054736842105199995 0.108947368421 0.041934418721 0.06227643525219999
0 0.1433684210526 0.09431578947359999 0.03396687916399999 0.056048791726999996
0 0.1582105263158 0.1018947368422 0.030570191247600007 0.0499394734288
