0 0.28863157894799996 0.1847368421052 0.07237196184780001 0.060354823423
0 0.02515789473684 0.04368421052632 0.04653832760939999 0.060354823423
0 0.013052631578948001 0.019052631578947998 0.024732375363000002 0.038810783534800004
0 0.38642105263199994 0.556842105264 0.03983173784600001 0.04269186188840001
0 0.754 0.7338947368419999 0.03194107057860003 0.03458040812959996
0 0.275894736842 0.432736842106 0.03864869540019998 0.03803844894259999
0 0.9835789473680001 0.580315789474 0.024358225959399987 0.03081114364339999
0 0.980421052632 0.614 0.024358225959399987 0.03081114364339999
0 0.98147368421 0.8561052631580001 0.024358225959399987 0.03081114364339999
0 0.970105263158 0.8626315789480001 0.01973016302706003 0.02246132371600004
0 0.9658947368419999 0.882631578948 0.01973016302706003 0.02246132371600004
0 0.994315789474 0.9384210526319999 0.01973016302706003 0.02246132371600004
0 0.785789473684 0.920210526316 0.023873497262800015 0.032885624052599954
