0 0.0865882352942 0.25494117647 0.0724095463014 0.08631911016399997
0 0.30858823529400004 0.1921176470588 0.07965050093159999 0.07768719914759999
0 0.42811764705800004 0.22035294117639997 0.07168545083840001 0.07768719914760001
0 0.57305882353 0.287647058824 0.05225869366120003 0.0629266313096
0 0.7529411764699999 0.273411764706 0.04232954186560005 0.05097057136080002
0 0.805529411764 0.23505882353000002 0.04656249605200003 0.056067628496799984
0 0.922823529412 0.255882352942 0.05121874565739995 0.0616743913464
0 0.827529411764 0.0805882352942 0.05121874565739995 0.0616743913464
0 0.5304705882359999 0.606117647058 0.06817215046979999 0.06716341217620005
0 0.8565882352939999 0.720235294118 0.05521944188060002 0.06716341217620005
0 0.920823529412 0.8625882352939999 0.044727747923200015 0.06716341217620005
0 0.2231764705882 0.9185882352939999 0.0871617272226 0.09735061224959998
