0 0.1563076923076 0.130923076923 0.05103912627560001 0.06864233120220001
0 0.61323076923 0.153076923077 0.051039126275599984 0.06177809808199999
0 0.549692307692 0.23461538461599998 0.04593521364799995 0.06177809808199999
0 0.6413846153839999 0.637538461538 0.05558160851419996 0.07475149867920004
0 0.639692307692 0.9338461538460001 0.06725374630219995 0.08140438206179999
0 0.674615384616 0.9858461538460002 0.06052837167200005 0.06593754947000002
0 0.8321538461539999 0.9181538461539999 0.05393077915959998 0.06593754947000002
0 0.7289230769239999 0.913384615384 0.06525624278320004 0.07978443485859998
0 0.49325 0.30975 0.04524871363 0.05386704324120001
0 0.68225 0.87225 0.07287350578819997 0.09542875299139995
0 0.772 0.0325 0.06558615520939998 0.0626108048376
