0 0.415157894736 0.54252631579 0.06678017570719999 0.06776038532999996
0 0.462842105264 0.7710526315780001 0.05409194232279998 0.06098434679699995
0 0.47642105263199996 0.757263157894 0.059501136555000014 0.06708278147659996
0 0.5344210526319999 0.758315789474 0.053551022899599954 0.06708278147659996
0 0.59852631579 0.7509473684219999 0.05890612518959995 0.06708278147659996
0 0.596210526316 0.803789473684 0.06479673770839997 0.05977075829559999
0 0.558842105264 0.8416842105260001 0.04723682178939998 0.05977075829559999
0 0.550315789474 0.909894736842 0.05196050396839996 0.06574783412520004
0 0.686105263158 0.664842105264 0.05196050396839996 0.059173050712600005
0 0.8595789473680001 0.8888421052639999 0.05715655436520001 0.06509035578399994
0 0.8910526315780001 0.8561052631580001 0.06287220980179996 0.07159939136239996
