0 0.561272727272 0.1925454545454 0.07105103299480003 0.07812987855539999
0 0.601272727272 0.227090909091 0.07105103299480003 0.07812987855539999
0 0.579818181818 0.119090909091 0.07660082918199998 0.06328520163000001
0 0.765272727272 0.33145454545400005 0.07660082918199998 0.0926558637064
0 0.6161818181819999 0.41690909091 0.07660082918199998 0.0926558637064
0 0.9125454545460001 0.35509090909 0.07660082918199998 0.0926558637064
0 0.790727272728 0.27690909091000004 0.07660082918199998 0.09265586370639997
0 0.1443636363636 0.32109090909000004 0.058415709683 0.06488453782200003
0 0.0912727272728 0.342545454546 0.05152791335420001 0.05723400196739999
0 0.302181818182 0.34618181818200006 0.0515279133542 0.05723400196739999
0 0.0594545454546 0.845272727272 0.0685836526746 0.07617845661859997
0 0.7558181818180001 0.8434545454539999 0.0685836526746 0.07617845661859997
0 0.84909090909 0.87690909091 0.08298621973620005 0.0921759325086
0 0.928363636364 0.7036363636359999 0.0658811831104 0.08295833925759996
0 0.979272727272 0.7236363636359999 0.0658811831104 0.08295833925759996
