0 0.16047058823520002 0.16835294117639998 0.05153418830440001 0.053630115133000006
0 0.27976470588200003 0.1931764705882 0.056687607134800005 0.0648924393108
0 0.268117647058 0.26141176470599997 0.06859200463299998 0.0648924393108
0 0.44529411764800003 0.424352941176 0.061732804169799975 0.08637183672280002
0 0.509647058824 0.380588235294 0.06790608458679998 0.06296506897099999
0 0.467647058824 0.567647058824 0.06111547612800001 0.06296506897100006
0 0.55905882353 0.555647058824 0.06722702374079995 0.07618773345479997
0 0.658352941176 0.498 0.07394972611499998 0.07618773345479997
0 0.692470588236 0.09870588235300001 0.07394972611499998 0.06856896010939999
0 0.47152941176400004 0.689294117648 0.05680549955340001 0.07047170858439995
