0 0.441523809524 0.419904761904 0.06600228698820002 0.07886890399200001
0 0.16857142857139998 0.1944761904762 0.043304100492799986 0.051745887909200004
0 0.45361904762 0.1642857142858 0.052397961596400026 0.0626125243702
0 0.496476190476 0.1861904761904 0.052397961596399964 0.06261252437020003
0 0.638857142858 0.14 0.11231968414480002 0.1220140969142
0 0.815047619048 0.1525714285714 0.07369294476740004 0.0889482766504
0 0.902666666666 0.1811428571428 0.07369294476740004 0.0889482766504
0 0.9396190476199999 0.1380952380952 0.06632365029059997 0.08005344898539998
0 0.0678095238096 0.097238095238 0.04834994106199999 0.04727076109140001
0 0.3655 0.042 0.0986935496122 0.0870565931774
0 0.3355 0.087 0.0986935496122 0.10533847774459996
