0 0.1984761904762 0.23028571428580003 0.05943110564279999 0.07213179470079999
0 0.15276190476200002 0.38933333333400005 0.059431105642800006 0.07213179470080001
0 0.11942857142860001 0.43695238095199995 0.05943110564279999 0.07213179470080001
0 0.10780952380959999 0.5765714285719999 0.04813919557060001 0.058426753707800004
0 0.04409523809524 0.829142857142 0.05295311512760001 0.06426942907839998
0 0.600952380952 0.629714285714 0.04246310302079996 0.051537655178000026
0 0.8038095238099999 0.8106666666660001 0.04246310302079996 0.051537655178000026
0 0.8380952380960001 0.7935238095239999 0.04246310302079996 0.051537655178000026
0 0.7014285714280001 0.1302857142858 0.06154852684160005 0.0747017181366
0 0.653523809524 0.6604761904759999 0.0498543067416 0.060508391690799954
