0 0.07576470588239999 0.279411764706 0.0508585951338 0.062967026229
0 0.21458823529419999 0.49588235294199995 0.050858595133800005 0.06296702622900005
0 0.47 0.579176470588 0.06153890011200002 0.07619010173699996
0 0.388235294118 0.569176470588 0.04309412197040001 0.057521464483000044
0 0.478 0.355764705882 0.0383968626756 0.05125162485419998
0 0.60694117647 0.39952941176400003 0.031101458767200028 0.03362619106699998
0 0.97 0.602470588236 0.06060794453480003 0.09403025249059999
0 0.800117647058 0.033411764705880004 0.054264611253999985 0.048723410408
0 0.34047058823599996 0.867294117648 0.05160510536420003 0.06648976256080004
0 0.753111111112 0.7633333333339999 0.06604842479219997 0.08154126517539999
0 0.8726666666660001 0.712888888888 0.07265326727139995 0.08969539169300003
0 0.894666666666 0.848 0.07991859399839996 0.09866493086239995
