0 0.53147368421 0.2047368421052 0.044667670348 0.06091419938280001
0 0.479894736842 0.39842105263199995 0.044667670348 0.06091419938280001
0 0.39052631579 0.49547368421 0.040200903313200004 0.05482277944459997
0 0.362105263158 0.41442105263199996 0.040200903313200004 0.05482277944459997
0 0.45221052631599995 0.552842105264 0.058858142540799976 0.07223942824619996
0 0.480631578948 0.818105263158 0.058858142540799976 0.07223942824619996
0 0.45852631579 0.969052631578 0.058858142540799976 0.058513936879400034
0 0.302105263158 0.9669473684219999 0.04290758591219998 0.058513936879400034
0 0.273684210526 0.952210526316 0.04290758591220001 0.058513936879400034
0 0.7368421052639998 0.8511578947360001 0.042907585912200036 0.058513936879400034
0 0.8478947368419999 0.7948421052639999 0.06282099653420005 0.0778820499866
0 0.9636842105260001 0.70852631579 0.06282099653420005 0.0778820499866
