0 0.1750476190476 0.258095238096 0.07238108915179998 0.08276392418219998
0 0.142 0.32428571428599995 0.08758111787360003 0.1001443482606
0 0.32561904762 0.334 0.07882300608619999 0.11015878308660002
0 0.452666666666 0.29685714285799997 0.09537583736440002 0.11015878308659999
0 0.037619047619039996 0.680095238096 0.06257608689479999 0.08657843522680002
0 0.598571428572 0.43914285714199996 0.06257608689480003 0.08657843522679996
0 0.08761904761899998 0.877714285714 0.08328877165700001 0.10475990662439995
0 0.553333333334 0.84819047619 0.08328877165699998 0.10475990662439995
0 0.859047619048 0.9644761904760001 0.08328877165699998 0.06873297473620005
0 0.8083809523800001 0.274 0.07495989449119997 0.06873297473619999
0 0.308235294118 0.0698823529412 0.08180073773760001 0.0908897085972
