0 0.16 0.246761904762 0.08326078953159999 0.08654934788900001
0 0.159619047619 0.311142857142 0.06744123952060001 0.0701049717902
0 0.668857142858 0.355904761904 0.05462740401159999 0.0701049717902
0 0.709142857142 0.367714285714 0.06609915885399995 0.08482701586600001
0 0.837523809524 0.5465714285719999 0.09677577847819999 0.07634431427940001
0 0.819714285714 0.678952380952 0.07054954251059996 0.07634431427940001
0 0.8915238095239999 0.638571428572 0.08536494643779997 0.10161428230600006
0 0.965142857142 0.634761904762 0.05600794135779995 0.10161428230600006
0 0.208761904762 0.783428571428 0.050407147222199994 0.06666913062100002
0 0.176705882353 0.04729411764706 0.06625859756739999 0.0662585975674
