0 0.015625 0.33212522627737223 0.0325 0.05695700000000001
0 0.0315234375 0.28637422627737225 0.029375 0.05695599999999996
0 0.0630859375 0.021897810218978103 0.045000000000000005 0.045752
0 0.0564453125 0.4411318102189781 0.02562500000000001 0.04575199999999994
0 0.2805078125 0.6364475401459854 0.010624999999999996 0.03081199999999993
0 0.30046875 0.6826733722627737 0.02437499999999998 0.05322100000000002
0 0.3071484375 0.5558080802919707 0.030625000000000013 0.060691000000000064
0 0.3358203125 0.12776293430656935 0.026874999999999982 0.06162399999999998
0 0.34375 0.5143169343065694 0.03125 0.061624999999999985
0 0.5066015625 0.43874659124087595 0.12875000000000003 0.24836599999999995
0 0.5209375 0.24306810218978103 0.01749999999999996 0.038281999999999976
0 0.6140625 0.32762795620437957 0.016875000000000084 0.042949999999999995
0 0.7168359375 0.04062383211678832 0.014375000000000027 0.025209999999999996
0 0.7299609375 0.4098459781021898 0.015000000000000013 0.023341999999999967
0 0.741484375 0.39303897810218974 0.013125000000000053 0.020541000000000073
0 0.7463671875 0.321499102189781 0.021874999999999978 0.04014899999999998
0 0.8015234375 0.5072550802919708 0.030625000000000013 0.05975699999999997
0 0.8477734375 0.4904480802919708 0.030625000000000013 0.060691000000000064
0 0.9232421875 0.35978110218978104 0.023125000000000062 0.040149000000000025
0 0.9289453125 0.0995655401459854 0.02562500000000001 0.029879
