0 0.2380078125 0.6481253333333333 0.04124999999999998 0.07416600000000002
0 0.273125 0.26177049999999996 0.03249999999999997 0.04833400000000002
0 0.2830859375 0.6613541666666666 0.04625000000000001 0.06916700000000005
0 0.3316796875 0.9715107499999999 0.03875000000000001 0.05500000000000016
0 0.3492578125 0.9200520833333332 0.04125000000000001 0.06750000000000005
0 0.404765625 0.434583 0.05124999999999996 0.0625
0 0.5555859375 0.38625 0.04500000000000004 0.06416700000000002
0 0.6293359375 0.4465625 0.045624999999999916 0.07833300000000006
0 0.6462890625 0.48442741666666667 0.05062500000000003 0.07583299999999997
0 0.7342578125 0.4031767499999999 0.04125000000000001 0.05666700000000002
