0 0.1435550625 0.24999975 0.049804 0.08724000000000003
0 0.173828 0.41927049999999993 0.0625 0.07942700000000007
0 0.34472674999999997 0.5703125 0.33691400000000005 0.3932290000000001
0 0.20019525000000002 0.041666166666666664 0.04003899999999999 0.069011
0 0.299804625 0.22005208333333334 0.021484000000000003 0.06640600000000003
0 0.4384760625 0.07291616666666667 0.049805000000000044 0.067709
0 0.6523433750000001 0.6341149166666668 0.2929689999999999 0.4049479999999999
0 0.6054690625 0.4127608333333333 0.050780999999999965 0.05859299999999997
0 0.642578 0.20442741666666667 0.033203000000000094 0.07682300000000002
0 0.6650395625 0.22656216666666665 0.035155999999999965 0.09895900000000002
