0 0.03125 0.1724609375 0.064062 0.07656300000000002
0 0.0595703125 0.2662109375 0.12031199999999999 0.13906300000000002
0 0.072265625 0.0861333125 0.145313 0.120312
0 0.144140125 0.1576176875 0.16093800000000003 0.16406199999999999
0 0.4921875 0.420703625 0.579687 0.457812
0 0.38339893750000004 0.17480418749999999 0.20156199999999996 0.084375
0 0.4228515625 0.7751953125 0.25312500000000004 0.245313
0 0.3908208125 0.0810546875 0.16718699999999997 0.16406199999999999
0 0.56015625 0.10703175 0.16562500000000002 0.212499
0 0.72890625 0.665234375 0.16406300000000007 0.23124999999999996
0 0.8234375 0.1103515625 0.20468700000000006 0.221875
0 0.9593754999999999 0.1818359375 0.078125 0.17031300000000005
0 0.96328125 0.0556640625 0.07031299999999996 0.1125
