0 0.1343000625 0.14633793750000001 0.17483599999999996 0.20261399999999996
0 0.1896641875 0.7792645625 0.272875 0.410131
0 0.09625249999999999 0.690985125 0.080065 0.09803899999999999
0 0.14754375 0.9017499375 0.08660100000000001 0.10784300000000002
0 0.146586375 0.62139975 0.075164 0.08660199999999996
0 0.2197780625 0.840673875 0.081699 0.09150299999999989
0 0.23542225 0.68413 0.102941 0.09477100000000005
0 0.2452444375 0.927555625 0.09313800000000003 0.11437900000000001
0 0.28511787499999997 0.7854369999999999 0.089869 0.09477100000000005
0 0.41454118749999996 0.927274875 0.08496700000000001 0.08986899999999987
0 0.45413387499999996 0.8906502500000001 0.06045699999999998 0.10294099999999995
0 0.4955635625 0.8883204374999999 0.09640599999999999 0.12418300000000004
0 0.6694815625 0.7906965 0.06535900000000006 0.08006499999999994
0 0.8465453749999999 0.5595834375000001 0.2630720000000001 0.27941099999999996
