0 0.073619047619 0.6881904761900001 0.0944249411924 0.10733848217579998
0 0.1371428571428 0.626761904762 0.0832912963764 0.0860747288568
0 0.521714285714 0.324857142858 0.07496216673859993 0.0860747288568
0 0.518285714286 0.395523809524 0.09070422175380002 0.09468220174239997
0 0.5923809523800001 0.460095238096 0.08163379957840004 0.08521398156819998
0 0.642285714286 0.788476190476 0.05951103989260002 0.07669258341140005
0 0.845333333334 0.513238095238 0.06546214388199996 0.07669258341140005
0 0.87961904762 0.447523809524 0.06546214388199996 0.07669258341139999
0 0.886285714286 0.39038095238 0.06546214388199996 0.07669258341139999
0 0.7655238095239999 0.117238095238 0.07200835827020001 0.08436184175240001
0 0.901238095238 0.9416190476199999 0.052494093178999945 0.06833309181959998
