0 0.053619047619 0.430095238096 0.05483135554959999 0.065520288977
0 0.02085714285714 0.517714285714 0.0399720581956 0.065520288977
0 0.0465714285714 0.547047619048 0.03997205819559999 0.05896826007920004
0 0.47257142857199996 0.259714285714 0.04836619041680001 0.07135159469579998
0 0.634666666666 0.3854285714280001 0.05852309040420005 0.07135159469580003
0 0.603142857142 0.386095238096 0.05267078136379996 0.057794791703600024
0 0.5993333333340001 0.478 0.05267078136379996 0.07692486775759994
0 0.621238095238 0.511333333334 0.05267078136379996 0.07692486775760006
0 0.6536190476199999 0.468476190476 0.05267078136379996 0.0769248677576
0 0.71819047619 0.35685714285799996 0.0474037032274 0.06923238098180003
0 0.5804705882360001 0.029176470588236 0.05009072870559999 0.0576392993554
0 0.588705882352 0.0550588235294 0.05009072870559999 0.0576392993554
0 0.640588235294 0.03823529411764 0.060609781733799994 0.06340322929100001
