0 0.60238095238 0.16838095238099998 0.10177874336659999 0.11465653233459999
0 0.5583809523800001 0.5929523809519999 0.135467507421 0.18465549189020003
0 0.672666666666 0.566761904762 0.13546750742100006 0.16452804327420006
0 0.871428571428 0.5286666666659999 0.16227652713960003 0.16452804327420006
0 0.706666666666 0.831523809524 0.16227652713960003 0.16452804327419995
0 0.34676190476200003 0.951523809524 0.08624039985960001 0.08743694784560001
0 0.8006666666660001 0.308476190476 0.06985472388619997 0.07869325306119998
0 0.492285714286 0.710571428572 0.0768401962748 0.0865625783672
0 0.606823529412 0.311294117648 0.09694404021700007 0.1144109095764
0 0.6231764705880001 0.391176470588 0.08724963619540006 0.10296981861879999
