0 0.442285714286 0.40580952380999996 0.05683175715880003 0.08515673332879999
0 0.5049523809519999 0.633333333334 0.09061283208959997 0.12343119353400005
0 0.582952380952 0.582761904762 0.08531018269339995 0.11620801852919999
0 0.631142857142 0.49342857142800006 0.06910124798159996 0.08471564550779999
0 0.678952380952 0.5246666666659999 0.07601137277980001 0.07624408095699994
0 0.8076190476199999 0.35361904762 0.08361251005780003 0.09225533795799998
0 0.862857142858 0.1621904761904 0.08361251005780003 0.09225533795800002
0 0.9323809523800001 0.1250476190476 0.08361251005780003 0.09225533795799999
0 0.8245714285719999 0.9579047619039999 0.0737537589968 0.07323975995340004
0 0.270857142858 0.8245714285719999 0.05974054478740001 0.07323975995340004
