0 0.27463157894799994 0.619684210526 0.04765860147880002 0.05539460153139999
0 0.311052631578 0.6686315789480001 0.06343359856820001 0.07299291249199996
0 0.07010526315780001 0.669894736842 0.057090238711399996 0.06569362124279997
0 0.04084210526316 0.6290526315780001 0.05138121484020001 0.059124259118400004
0 0.6301052631580001 0.47831578947400005 0.056519336324200024 0.06503668503040001
0 0.6672631578939999 0.248105263158 0.04578066242260002 0.05267971487460002
0 0.67252631579 0.202 0.04578066242260002 0.04741174338720001
0 0.649684210526 0.740315789474 0.07373021463839996 0.069415533493
0 0.7722105263160001 0.833789473684 0.059721473856999975 0.0763570868424
0 0.8486315789480001 0.8407368421060001 0.07226298336699995 0.09239207507920003
