0 0.026 0.8833333333339999 0.054125838215600006 0.07937330659320002
0 0.05533333333340001 0.8953333333339999 0.0541258382156 0.08643753087999995
0 0.094 0.926 0.0541258382156 0.07779377779200002
0 0.1546666666666 0.786 0.058943037816600014 0.0855731555712
0 0.1273333333334 0.971333333334 0.0713210757582 0.053392905905199996
0 0.648 0.689333333334 0.057770071364200024 0.057563425785599975
0 0.8613333333339999 0.8506666666660001 0.06782563339419995 0.057563425785599975
0 0.8566666666660001 0.8866666666660001 0.061043070054799954 0.057563425785599975
0 0.571333333334 0.45066666666599997 0.061043070054799954 0.057563425785599975
0 0.5146666666659999 0.348 0.049444886744400035 0.051807083207000004
0 0.553333333334 0.32733333333400005 0.05982831296059999 0.0626865706804
0 0.6 0.37 0.04846093349820001 0.05585373447619998
0 0.04533333333333999 0.30933333333400004 0.05863772953279999 0.07434132058800003
0 0.902 0.0746666666666 0.07649368632979997 0.0817754526468
0 0.264 0.44866666666599997 0.05018750760099999 0.05258518227939999
0 0.246 0.475333333334 0.06072688419719998 0.06362807055799999
0 0.202 0.5953333333340001 0.06072688419720001 0.06362807055799999
0 0.2233333333334 0.537333333334 0.05410765381959999 0.057265263502200014
0 0.37533333333400004 0.30666666666599995 0.05410765381959999 0.057265263502200014
0 0.815052631578 0.5097894736840001 0.06942894389859998 0.07013024636220001
