0 0.43714285714199996 0.019428571428572 0.04127229209000001 0.0396193642312
0 0.4225714285719999 0.314 0.0499394734288 0.07018812051700002
0 0.1945714285714 0.32628571428599995 0.03276528851660001 0.04605042587119999
0 0.768 0.353428571428 0.05804570728980002 0.06541991496859999
0 0.959714285714 0.4265714285719999 0.07023530582060004 0.079158097112
0 0.9354285714280001 0.6022857142860001 0.07023530582060004 0.07915809711199995
0 0.46257142857199995 0.635142857142 0.05120153794319998 0.0577062527946
0 0.1617142857142 0.6465714285719999 0.03359332904460001 0.03786107245860001
0 0.23371428571400002 0.9388571428579999 0.036217303976200016 0.05543239618660004
0 0.17 0.9662857142860001 0.04382293781120001 0.06707319938579996
