0 0.17526315789480001 0.339578947368 0.06143498028100001 0.05928161216879999
0 0.334421052632 0.37547368421 0.05529148225300003 0.053353450952
0 0.5775789473680001 0.2067368421052 0.05529148225300003 0.0645576756518
0 0.904 0.0637894736842 0.04976233402759999 0.05810190808659999
0 0.941894736842 0.0616842105264 0.04976233402759999 0.0581019080866
0 0.8278947368419999 0.5624210526319999 0.060212424173399996 0.07030330878480004
0 0.871368421052 0.51852631579 0.04828434294479996 0.056376223314599995
0 0.659894736842 0.8415789473680001 0.04780149951520002 0.061393707189600036
0 0.297578947368 0.7721052631580001 0.0525816494668 0.061393707189600036
0 0.227368421052 0.478736842106 0.042591136067999996 0.04972890282359998
0 0.1683157894736 0.26389473684200004 0.04685024967500002 0.05470179310580002
