0 0.7175789473680001 0.2074736842106 0.09504390517440003 0.11729873300459999
0 0.8175789473680001 0.2204210526316 0.09504390517440003 0.1055688597042
0 0.6986315789480001 0.289578947368 0.09409346612260003 0.11612574567460002
0 0.378105263158 0.21315789473680002 0.11385309400839998 0.1405121522662
0 0.13526315789479998 0.273578947368 0.10246778460759999 0.12646093703959996
0 0.04915789473684 0.451789473684 0.09222100614680001 0.11267669490219999
0 0.594421052632 0.6973684210519999 0.09222100614680005 0.101409025412
0 0.418947368422 0.9351578947360001 0.1227461591814 0.1469882245648
0 0.34421052631599997 0.9751578947360001 0.1227461591814 0.1469882245648
0 0.2088421052632 0.0201052631579 0.06523234158159999 0.0373624345188
