0 0.10175 0.191 0.07720217923180002 0.09314504430419998
0 0.1855 0.25375 0.07643015743960001 0.08383053987380004
0 0.30075 0.42975 0.08407317318359998 0.09221359386120002
0 0.386 0.19775 0.07490919730640001 0.09129145792259999
0 0.45475 0.15475 0.07416010533339999 0.0739460809174
0 0.5305 0.163 0.09674282890480003 0.09743801136399997
0 0.6745 0.25175 0.08619786055420002 0.09743801136399997
0 0.5595 0.108 0.08619786055420002 0.09743801136399997
0 0.7015 0.70275 0.05089897467859998 0.07032198718140001
0 0.51125 0.7365 0.06158775936120003 0.07032198718140001
0 0.105 0.3265 0.0615877593612 0.07032198718140001
0 0.777894736842 0.25147368421 0.04078474370180004 0.04577412312220002
0 0.8271578947360001 0.24705263157799998 0.04934953987920005 0.05538668897780002
0 0.9102352941180001 0.364 0.044 0.04839999999999998
