0 0.212380952381 0.4790476190480001 0.08160637346600001 0.08143221864439994
0 0.22 0.2273333333334 0.08160637346600004 0.10838628301559998
0 0.333333333334 0.2146666666666 0.08160637346600004 0.0975476547142
0 0.2784761904759999 0.638 0.09874371189379999 0.11803266220399997
0 0.252285714286 0.686285714286 0.07998240663400003 0.10622939598359994
0 0.315523809524 0.727333333334 0.05247645699259999 0.06969710670480003
0 0.396952380952 0.557904761904 0.11248794599780002 0.1122478873192
0 0.58380952381 0.185238095238 0.08200371263240004 0.1010230985874
0 0.863047619048 0.25 0.09020408389559997 0.1010230985874
0 0.9533333333339999 0.2254285714286 0.08037183875100004 0.11112540844600002
