0 0.0601176470588 0.32847058823599995 0.0525661031292 0.0648964236164
0 0.08835294117640001 0.39905882353 0.05256610312920001 0.0648964236164
0 0.23423529411799998 0.6614117647059999 0.0525661031292 0.06489642361639994
0 0.23388235294200002 0.7187058823520001 0.05782271344219998 0.07138606597800003
0 0.27388235294200003 0.737529411764 0.05782271344219998 0.07138606597800003
0 0.0315294117647 0.898705882352 0.057822713442200004 0.07138606597800003
0 0.03388235294118 0.956352941176 0.057822713442200004 0.07138606597800003
0 0.49705882352999997 0.662705882352 0.06360498478640006 0.07852467257579997
0 0.564470588236 0.838705882352 0.057244486307800005 0.07067220531819998
0 0.438235294118 0.426235294118 0.0629689349386 0.07773942585000003
0 0.642352941176 0.34647058823599997 0.08381165240320002 0.10347117580640003
0 0.743647058824 0.1882352941176 0.09219281764339997 0.08381165240320002
0 0.9523529411760001 0.0876470588236 0.06048770765580002 0.0604877076558
