0 0.7984210526319999 0.09705263157899999 0.06269446885160004 0.072444954261
0 0.1971578947368 0.21378947368419998 0.0689639157366 0.07968944968719999
0 0.628421052632 0.51147368421 0.08344633804140006 0.08765839465579996
0 0.861263157894 0.602 0.07510170423720001 0.08678181070940003
0 0.8808421052639999 0.9781052631580001 0.08996433150580004 0.11435152415359993
0 0.40421052631599996 0.86052631579 0.08096789835520002 0.10188720802080002
0 0.365263157894 0.901578947368 0.08096789835520002 0.10188720802080002
0 0.580210526316 0.997684210526 0.07287110851959994 0.09169848721879999
0 0.648 1.0 0.05902559790099997 0.08252863849679988
0 0.65547368421 0.957263157894 0.053123038110799936 0.06617971521059997
0 0.31115789473600003 0.23284210526319998 0.05843534192200002 0.07279768673159998
0 0.9858947368419999 0.074947368421 0.05843534192200002 0.0727976867316
