0 0.088761904762 0.7775238095239999 0.09169881425219999 0.09810647733079998
0 0.1549523809524 0.9256190476199999 0.11095556524519999 0.11752174919460004
0 0.7733333333339999 0.882 0.08088660706380006 0.08567335516280002
0 0.398666666666 0.30923809523799994 0.06551815172160003 0.06939541768200001
0 0.5722857142860001 0.27047619047599997 0.07927696358319997 0.08396845539520004
0 0.558 0.2238095238096 0.07927696358319997 0.08396845539519998
0 0.8000952380960001 0.330761904762 0.08720465994159997 0.09236530093459999
0 0.8793333333339999 0.340476190476 0.09592512593560003 0.10160183102820003
0 0.14576470588239998 0.0811764705882 0.0701066850428 0.0806716194878
0 0.957529411764 0.0941176470588 0.0701066850428 0.0806716194878
