0 0.032315789473679996 0.29526315789400004 0.054564936278400006 0.06029340928919998
0 0.0604210526316 0.24968421052599998 0.0660235728968 0.07295502523979999
0 0.14989473684219998 0.1854736842106 0.0660235728968 0.07295502523979999
0 0.1406315789474 0.359368421052 0.05942121560720001 0.0656595227158
0 0.1311578947368 0.46357894736800004 0.05942121560720001 0.0656595227158
0 0.2213684210526 0.1707368421052 0.0718996708846 0.07222547498739999
0 0.254315789474 0.13642105263159998 0.05823873341660001 0.05850263473979999
0 0.548315789474 0.1645263157894 0.08526732959520002 0.07078818803520003
0 0.710315789474 0.712105263158 0.09192756070979999 0.10157853047879996
0 0.7955789473680001 0.73 0.09192756070979999 0.10157853047879996
0 0.838105263158 0.7968421052639999 0.07371671093320004 0.08145582359100001
0 0.795789473684 0.8511578947360001 0.08108838202660001 0.09856154654520002
0 0.678105263158 0.8841052631580001 0.07224974838560001 0.08781833797180003
0 0.630842105264 0.8848421052639999 0.07081197839280003 0.09660017176880001
0 0.5813684210519999 0.8998947368419999 0.07081197839280003 0.086940154592
0 0.9508421052639999 0.608315789474 0.07081197839280003 0.086940154592
0 0.49947368421 0.6106315789480001 0.0637307805534 0.07824613913279996
0 0.316315789474 0.9636842105260001 0.0637307805534 0.06337937269760005
0 0.304 0.9124210526319999 0.05162193224840001 0.05133729188500001
0 0.420842105264 0.7924210526319999 0.05162193224840001 0.05133729188500001
