0 0.598 0.32733333333400005 0.04670352323459997 0.05456713621699998
0 0.096 0.736 0.0961682922398 0.11236043747819997
0 0.312 0.894666666666 0.0961682922398 0.11236043747819997
0 0.30133333333400003 0.0633333333334 0.040167755349 0.04693092139239999
0 0.562666666666 0.034 0.05880961060660002 0.0687115620104
0 0.03947368421052 0.10115789473680001 0.06025472956160001 0.07939705459619999
0 0.0878947368422 0.04852631578948 0.0602547295616 0.07939705459619999
0 0.706315789474 0.79747368421 0.04392569785039996 0.05788045280059998
0 0.04115789473684 0.931789473684 0.0770388826776 0.11279262812820003
0 0.35431578947400005 0.807789473684 0.056161345471999996 0.06593688979360002
