0 0.89 0.3 0.05176725956739995 0.05622626483940002
0 0.876 0.26 0.056374545668800013 0.06123040241000001
0 0.918 0.072 0.045206748171799975 0.05401072566179999
0 0.928 0.1 0.045206748171799975 0.05401072566179999
0 0.572 0.104 0.0728059199982 0.0790771034416
0 0.572 0.178 0.0728059199982 0.0790771034416
0 0.514 0.1 0.07770786250519995 0.06341192924979998
0 0.468 0.066 0.0629433686292 0.0621500318576
0 0.19 0.276 0.07616147604140003 0.0752015385478
0 0.084 0.106 0.08128934444560001 0.06633452513759999
0 0.754 0.194 0.05925993210080003 0.06436432340659999
0 0.766 0.268 0.047520539551599995 0.05161375093959998
0 0.606 0.33 0.08418553456860002 0.062452638637000006
0 0.574 0.294 0.049710716307400045 0.040159770203200024
0 0.2211111111112 0.1762222222222 0.083573879116 0.0919312670276
