0 0.1975789473684 0.6450526315780001 0.09324554970780002 0.1304182388946
0 0.257052631578 0.5793684210519999 0.07552889526320002 0.10563877350459995
0 0.4844210526319999 0.5277894736840001 0.07552889526319996 0.1056387735046
0 0.526315789474 0.512736842106 0.08308178478960002 0.11620265085520004
0 0.5186315789479999 0.7158947368419999 0.05450995900039999 0.07624055922599995
0 0.502315789474 0.28747368420999997 0.07255275542960005 0.07624055922600001
0 0.498315789474 0.12663157894740001 0.06529747988660001 0.0686165033034
0 0.6835789473680001 0.0665263157894 0.06529747988659994 0.0754781536338
0 0.8167368421060001 0.0817894736842 0.04760186283739995 0.05502357399899999
0 0.8451578947360001 0.09231578947359999 0.04760186283739995 0.05502357399899999
0 0.9132631578939999 0.5593684210519999 0.057598254033199965 0.06657852453880002
0 0.946105263158 0.57852631579 0.051838428629799975 0.05992067208499998
