0 0.40028571428599996 0.30638095238 0.054960478990800025 0.07186784902760002
0 0.58980952381 0.1415238095238 0.05496047899079997 0.0646810641248
0 0.71961904762 0.938 0.0665021795788 0.07826408759100002
0 0.1677142857142 0.884952380952 0.0475153351436 0.05032722141800002
0 0.1858095238096 0.916476190476 0.0475153351436 0.055359943559799944
0 0.0522857142858 0.9096190476199999 0.03848742146640001 0.044841554283400004
0 0.02780952380952 0.75580952381 0.0512267579716 0.06565251962620004
0 0.9133333333339999 0.877428571428 0.082501205981 0.09516063544500003
0 0.021809523809519997 0.301047619048 0.039460071067 0.045515036935400016
0 0.365294117648 0.03388235294118 0.0630960165386 0.05880961060659999
