0 0.2646666666666 0.43666666666599996 0.1402333976778 0.14894992503779997
0 0.17533333333339998 0.286 0.10223014690719999 0.10858449535260002
0 0.2206666666666 0.07666666666659999 0.10223014690719998 0.10858449535260001
0 0.32133333333400005 0.038 0.0745257770952 0.07915809711199999
0 0.11666666666660001 0.9333333333339999 0.1091131902452 0.11589536998159997
0 0.681333333334 0.534 0.08838168409859998 0.09387524968520006
0 0.41936842105199995 0.1464210526316 0.0675578221024 0.076588355046
0 0.851368421052 0.167052631579 0.04924965231279998 0.05583291082860001
0 0.8555789473680001 0.0607368421052 0.04924965231279998 0.05583291082860001
0 0.252 0.8547368421060001 0.06489577435600001 0.08174496474399996
0 0.172 0.746315789474 0.06489577435600001 0.08174496474399996
