0 0.635333333334 0.1586666666666 0.06325235320239994 0.0671839477898
0 0.57 0.1613333333334 0.06325235320239994 0.06718394778980001
0 0.464666666666 0.2 0.0632523532024 0.06718394778980001
0 0.459333333334 0.1013333333334 0.0632523532024 0.0671839477898
0 0.37933333333400004 0.1173333333334 0.0632523532024 0.0671839477898
0 0.708666666666 0.04666666666666 0.06325235320239994 0.0671839477898
0 0.7446666666660001 0.10266666666659999 0.06325235320239994 0.0671839477898
0 0.24866666666599999 0.529333333334 0.07653534737499999 0.08129257682560001
0 0.2246666666666 0.608 0.0841888821124 0.08942183450819993
0 0.162 0.544 0.06819299451119999 0.0724316859516
0 0.922 0.245333333334 0.055236325554000015 0.05866966562079998
0 0.9366666666660001 0.1253333333334 0.055236325554000015 0.05866966562079999
0 0.8878947368419999 0.47421052631599997 0.06095454028640006 0.06034499488360001
0 0.481157894736 0.37063157894800003 0.039992273881799975 0.03959235114300003
0 0.620315789474 0.1182105263158 0.07084875271040005 0.07014026518340001
