0 0.1645714285714 0.44514285714199997 0.07565463205399998 0.09608664773160001
0 0.19666666666660002 0.5189523809519999 0.0612802519638 0.07783018466259994
0 0.1737142857142 0.1909523809524 0.09770553400419998 0.1035919757858
0 0.6704761904759999 0.41152380952400003 0.04205902862439996 0.04459294879499998
0 0.7219047619039999 0.528 0.04205902862439996 0.059353214846000014
0 0.45238095238 0.90419047619 0.042059028624400016 0.059353214846000014
0 0.24428571428599996 0.9699047619039999 0.06157862380900002 0.057014461361800044
0 0.899142857142 0.6823809523800001 0.04444190858920001 0.06271590749799998
0 0.735333333334 0.38238095237999997 0.04444190858920001 0.06271590749799998
0 0.270571428572 0.6938095238099999 0.04444190858920001 0.06271590749799998
0 0.697647058824 0.0914117647058 0.04350149092439994 0.0459660944722
