0 0.1553333333334 0.283333333334 0.052038864652 0.05527345922820001
0 0.20066666666660002 0.295333333334 0.052038864652 0.05527345922820001
0 0.20533333333339998 0.38066666666599996 0.05724275111719999 0.06080080515100002
0 0.421333333334 0.518 0.05724275111719999 0.06080080515099996
0 0.38 0.578 0.05724275111719999 0.06080080515099996
0 0.42733333333400003 0.6586666666659999 0.062967026229 0.06688088566600003
0 0.37533333333400004 0.686666666666 0.062967026229 0.06688088566600003
0 0.459333333334 0.8813333333339999 0.061713982407000004 0.06554995604140004
0 0.676 0.967333333334 0.04998832574959999 0.053095464393399995
0 0.674 0.396 0.05443728674140005 0.057820960724600017
0 0.778666666666 0.1766666666666 0.059881015415600015 0.063603056797
0 0.897789473684 0.35126315789400003 0.047922845289400016 0.052715129818399986
