0 0.812727272728 0.72509090909 0.08164846237459994 0.07495044199819995
0 0.6678181818180001 0.604727272728 0.053569556164000005 0.06745539779839999
0 0.7405454545460001 0.25690909091 0.053569556164000005 0.05463887221659999
0 0.8207272727280001 0.2245454545454 0.0589265117804 0.060102759438199996
0 0.809636363636 0.1641818181818 0.05303386060239995 0.0540924834944
0 0.958727272728 0.501636363636 0.05303386060239995 0.07919680508419998
0 0.1698181818182 0.7281818181819999 0.056038526378400004 0.062872838817
0 0.1314545454546 0.6501818181819999 0.055478141114600005 0.06778383625699996
0 0.1956363636364 0.646545454546 0.06712855074879999 0.06778383625699996
0 0.15854545454540003 0.6258181818180001 0.048936713495800005 0.04941441663139994
0 0.1803636363636 0.7483636363639999 0.048936713495800005 0.06511288265099995
0 0.156909090909 0.89 0.05223156858519999 0.06317896492340003
0 0.2223636363636 0.877272727272 0.05223156858519999 0.06317896492340003
0 0.419818181818 0.8623636363639999 0.038076813498600016 0.05572953316940004
