0 0.09105882352940001 0.500117647058 0.0504269651572 0.052768824809000026
0 0.0984705882352 0.564823529412 0.0453842686416 0.05276882480899996
0 0.39305882353 0.700588235294 0.05436581540560002 0.06321177523860001
0 0.449529411764 0.6582352941180001 0.05436581540560002 0.06321177523860001
0 0.442470588236 0.5923529411759999 0.05436581540560002 0.06321177523860001
0 0.41223529411800003 0.604470588236 0.04892923386519999 0.05689059771480004
0 0.47929411764800006 0.7915294117639999 0.04892923386519999 0.05689059771480004
0 0.6468235294119999 0.635176470588 0.05920437297679996 0.06883762323480005
0 0.617411764706 0.56105882353 0.05920437297679996 0.06883762323479993
0 0.682117647058 0.697529411764 0.05920437297679996 0.06883762323479993
0 0.9083529411760001 0.518235294118 0.0532839356792 0.0619538609114
0 0.767176470588 0.31705882353 0.0532839356792 0.0619538609114
0 0.7314117647060001 0.21494117647060001 0.04795554211119998 0.045164364604399994
0 0.8396470588239999 0.18952941176479998 0.04795554211119998 0.05464888117140001
0 0.8925882352939999 0.1629411764706 0.04795554211119998 0.060113769288399996
