0 0.0783529411764 0.652352941176 0.1129454630688 0.14084731645940007
0 0.124 0.658352941176 0.0914858250858 0.114086326332
0 0.22094117647060002 0.960705882352 0.0996280635184 0.07336248313620002
0 0.5638823529419998 0.9334117647060001 0.11815101271580004 0.12996611398719995
0 0.1071764705882 0.06670588235300001 0.0957023202998 0.085270767387
0 0.09423529411760001 0.1808235294118 0.0957023202998 0.08527076738699998
0 0.0954117647058 0.323647058824 0.09570232029979998 0.0937978441258
0 0.849529411764 0.4952941176480001 0.09570232029980003 0.12359648122599998
0 0.1391764705882 0.37117647058799996 0.07751887944279999 0.10011314979319996
0 0.18152941176479997 0.23 0.0775188794428 0.10011314979320002
