0 0.376857142858 0.215238095238 0.06906328720839996 0.08138748385199998
0 0.33780952380999996 0.30133333333400003 0.06906328720839996 0.09847885546099999
0 0.35685714285799996 0.409904761904 0.06906328720839996 0.09847885546100002
0 0.451238095238 0.297333333334 0.07596961592920001 0.08863096991479998
0 0.48780952381 0.417523809524 0.04984366501119996 0.05815077936120002
0 0.45476190476199996 0.49019047619 0.060310834663600016 0.07036244302700004
0 0.520476190476 0.49914285714199996 0.060310834663600016 0.0851385560626
0 0.49933333333400004 0.5614285714280001 0.05319958414840005 0.06206600736960002
0 0.583142857142 0.605714285714 0.05319958414840005 0.08260985580900002
0 0.6425714285719999 0.726666666666 0.07080864650139995 0.08260985580900002
0 0.635904761904 0.8693333333339999 0.07080864650140006 0.074348870228
0 0.538476190476 0.5652380952380001 0.05735500366620005 0.06022258488479997
0 0.802857142858 0.356571428572 0.08313372625900001 0.09698907518280003
0 0.6801904761900001 0.1399047619048 0.09144709888479997 0.11735678097120003
