0 0.5426315789480001 0.5713684210519999 0.06266382650720004 0.0916844717532
0 0.5090526315780001 0.604421052632 0.05639744385660003 0.07426442211999995
0 0.457894736842 0.6523157894739999 0.08257149755040001 0.0959101224044
0 0.528210526316 0.640842105264 0.04875764358860005 0.05097057136080002
0 0.355578947368 0.671157894736 0.04875764358859999 0.05606762849680001
0 0.316421052632 0.6442105263160001 0.0589967487422 0.08126772873339996
0 0.24831578947400001 0.6553684210519999 0.047787366481199994 0.05924417424659998
0 0.1754736842106 0.6562105263160001 0.0525661031292 0.06516859167120004
0 0.1651578947368 0.6309473684219999 0.0473094928164 0.06516859167120004
0 0.1622105263158 0.5364210526319999 0.03832068918120001 0.05865173250420003
0 0.12010526315780001 0.545894736842 0.03832068918120001 0.05865173250420003
