0 0.49733333333400004 0.1953333333334 0.06767004770419999 0.0718762341906
0 0.442 0.241333333334 0.05481273864039997 0.05821974969440001
0 0.426 0.288 0.060294012504399974 0.06404172466379998
0 0.563333333334 0.336 0.054264611253999985 0.0576375521974
0 0.5346666666659999 0.358 0.05909416165560003 0.062767294343
0 0.624666666666 0.36266666666599995 0.07150393560320004 0.075948426155
0 0.626666666666 0.486 0.05791818783860003 0.061518225185600045
0 0.6373684210519999 0.1033684210526 0.06191161982179995 0.0749130599844
0 0.7445263157900001 0.04357894736842 0.06810278180399996 0.0660800610816
0 0.798210526316 0.037263157894739996 0.06810278180399996 0.0660800610816
