0 0.062380952380959996 0.667238095238 0.1008441077178 0.10747633544860002
0 0.38361904762 0.616095238096 0.07351535452640001 0.07835024854200003
0 0.492761904762 0.43380952381 0.05954743716639996 0.06346370131899999
0 0.28371428571400004 0.10619047619040001 0.07925763886840002 0.06346370131899999
0 0.583904761904 0.702 0.08718340275519995 0.08447018645579998
0 0.571333333334 0.73819047619 0.07768041185480001 0.08447018645579998
0 0.655142857142 0.703904761904 0.07768041185480001 0.08447018645579998
0 0.74561904762 0.555333333334 0.07768041185480001 0.08447018645579998
0 0.8046666666660001 0.46771428571400003 0.07768041185480001 0.08447018645579998
0 0.8999047619039999 0.37438095238 0.07768041185480001 0.08447018645579998
0 0.958 0.399142857142 0.07768041185480001 0.08447018645579998
