0 0.406 0.382 0.07217986267000004 0.08140438206179999
0 0.602 0.314 0.06431225763899999 0.06593754947000002
0 0.17 0.204 0.0468836358188 0.06593754947
0 0.566 0.624 0.03417817051179998 0.031222348249999983
0 0.632 0.614 0.03417817051179998 0.031222348249999983
0 0.73 0.536 0.024915886303199953 0.02276109187420002
0 0.702 0.54 0.024915886303199953 0.02276109187420002
0 0.618 0.512 0.024915886303199953 0.02276109187420002
0 0.464 0.57 0.024915886303200012 0.02276109187420002
0 0.584 0.47 0.02242429767279998 0.02276109187420002
0 0.748 0.488 0.02242429767279998 0.02276109187420002
0 0.782 0.442 0.02242429767279998 0.02276109187420002
0 0.824 0.388 0.02242429767279998 0.02276109187420002
0 0.876 0.418 0.02242429767279998 0.02276109187420002
0 0.906 0.438 0.02242429767279998 0.02276109187420002
