0 0.14473684210520002 0.7055789473680001 0.060252903125 0.06964706581079998
0 0.040421052631579996 0.8651578947360001 0.065615411503 0.08427294963099996
0 0.22589473684220002 0.7489473684219999 0.05846333164919997 0.06143498028099998
0 0.266947368422 0.7551578947360001 0.05846333164920003 0.06757847830920002
0 0.21252631578939998 0.6078947368419999 0.047355298635800014 0.06082063047819997
0 0.35926315789400004 0.35663157894799996 0.06933289273279997 0.0890474850832
0 0.48347368421 0.49894736842199994 0.06933289273280002 0.08014273657479998
0 0.231368421052 0.15463157894739998 0.05054367880219999 0.0473234845202
0 0.468105263158 0.08063157894739999 0.05504206621560002 0.0572614162694
0 0.810736842106 0.474842105264 0.07326099013299996 0.0762149450544
0 0.776 0.5074736842099999 0.07326099013299996 0.0762149450544
0 0.9615789473680001 0.402105263158 0.06397655891839997 0.08299807516440001
0 0.9636842105260001 0.315789473684 0.06397655891839997 0.08299807516440001
0 0.9032631578939999 0.17284210526319999 0.0774116362914 0.07469826764779998
0 0.927052631578 0.105052631579 0.09273139911340002 0.08948105481540002
