0 0.36658823529400003 0.336823529412 0.07338713865800002 0.07911940805860002
0 0.132 0.1834117647058 0.06604842479220002 0.07120746725259999
0 0.1691764705882 0.1848235294118 0.058849146489800004 0.09477713891319998
0 0.858 0.249764705882 0.07832821397800001 0.07600178769459999
0 0.711647058824 0.0335294117647 0.07049539258020002 0.0615614480326
0 0.7634117647060001 0.0335294117647 0.07049539258020002 0.0615614480326
0 0.974117647058 0.095294117647 0.041626824364599996 0.0819382873314
0 0.387647058824 0.39882352941199994 0.060945833552199985 0.08193828733140003
0 0.368352941176 0.574117647058 0.05485125019700001 0.08193828733140003
0 0.324 0.11035294117640002 0.04936612517740002 0.0597330114646
