0 0.594 0.265263157894 0.06889374140899997 0.08127933865739999
0 0.54452631579 0.377894736842 0.06889374140899997 0.08127933865739999
0 0.7107368421060001 0.5966315789480001 0.07578311554979995 0.08940727252320005
0 0.5184210526319999 0.580210526316 0.06138432359540002 0.07241989074380001
0 0.498315789474 0.866421052632 0.06752275595500004 0.07966187981819996
0 0.592842105264 0.870421052632 0.07427503155040006 0.08762806779999995
0 0.507894736842 0.97252631579 0.06016277555580001 0.04656914797980005
0 0.935789473684 0.61052631579 0.08007665426480003 0.08250008636400002
0 0.968315789474 0.527368421052 0.046811618941000006 0.08250008636399997
0 0.9387368421060001 0.272 0.05149278083520005 0.06682506995500001
0 0.11452631578940001 0.7470526315780001 0.051492780835199994 0.05412830666340005
0 0.16736842105260002 0.6663157894739999 0.041709152476599995 0.043843928397399964
0 0.23452631579000002 0.758631578948 0.05046807449660003 0.053051153360799956
0 0.39042105263199994 0.47778947368400004 0.045421267047000016 0.047746038024799986
0 0.684588235294 0.11023529411760001 0.06945227744399994 0.08574355239999999
0 0.599411764706 0.1351764705882 0.06250704969959997 0.06945227744399998
