0 0.556 0.174 0.06491368486440001 0.07413859451740001
0 0.59 0.228 0.05842231637800001 0.07413859451740001
0 0.454 0.338 0.05258008474019999 0.06672473506559999
0 0.036 0.296 0.06362190253560002 0.08073692942939999
0 0.646 0.444 0.05725971228200001 0.07266323648640002
0 0.704 0.49 0.051533741053799986 0.07266323648640002
0 0.312 0.474 0.046380366948400024 0.05768596284500001
0 0.1 0.74 0.0417423302536 0.051917366560600045
0 0.058 0.836 0.0417423302536 0.051917366560600045
0 0.052 0.782 0.0417423302536 0.051917366560600045
0 0.108 0.686 0.0375680972282 0.04672562990460005
0 0.774 0.404 0.050003137410800036 0.06219181340279999
0 0.792 0.434 0.040502541302799955 0.050375368856399975
0 0.534 0.384 0.053908882473999935 0.06704961594780003
0 0.222 0.561111111112 0.04717527599440001 0.06342453772600004
